timestamp,date,time,open,high,low,close,volume
1767308400000,2026-01-01,23:00:00,4323.698,4332.848,4323.198,4326.798,0.118
1767308700000,2026-01-01,23:05:00,4326.898,4332.798,4326.835,4332.678,0.0786
1767309000000,2026-01-01,23:10:00,4332.698,4335.055,4328.775,4330.625,0.0552
1767309300000,2026-01-01,23:15:00,4330.555,4334.075,4327.865,4333.955,0.0459
1767309600000,2026-01-01,23:20:00,4333.985,4340.315,4332.425,4339.565,0.0689
1767309900000,2026-01-01,23:25:00,4339.585,4342.505,4336.835,4339.515,0.0894
1767310200000,2026-01-01,23:30:00,4339.605,4340.725,4338.015,4339.568,0.04
1767310500000,2026-01-01,23:35:00,4340.185,4343.915,4338.685,4340.145,0.071
1767310800000,2026-01-01,23:40:00,4340.135,4345.505,4338.445,4344.965,0.0588
1767311100000,2026-01-01,23:45:00,4345.025,4345.495,4341.655,4342.485,0.0766
1767311400000,2026-01-01,23:50:00,4342.505,4347.225,4341.528,4347.225,0.0733
1767311700000,2026-01-01,23:55:00,4346.965,4351.005,4346.485,4347.805,0.0874
1767312000000,2026-01-02,00:00:00,4347.798,4348.645,4344.718,4346.035,0.0659
1767312300000,2026-01-02,00:05:00,4345.995,4350.215,4344.095,4349.825,0.0638
1767312600000,2026-01-02,00:10:00,4349.795,4352.725,4347.035,4347.715,0.0751
1767312900000,2026-01-02,00:15:00,4347.675,4349.185,4344.145,4344.255,0.0479
1767313200000,2026-01-02,00:20:00,4344.265,4347.105,4342.285,4343.165,0.0817
1767313500000,2026-01-02,00:25:00,4343.145,4346.898,4341.075,4346.605,0.1016
1767313800000,2026-01-02,00:30:00,4346.598,4348.655,4346.258,4348.035,0.1786
1767314100000,2026-01-02,00:35:00,4347.948,4350.405,4347.048,4348.265,0.1845
1767314400000,2026-01-02,00:40:00,4348.285,4350.595,4346.248,4349.375,0.1803
1767314700000,2026-01-02,00:45:00,4349.435,4352.905,4349.375,4351.565,0.1421
1767315000000,2026-01-02,00:50:00,4351.545,4352.798,4350.398,4351.995,0.1149
1767315300000,2026-01-02,00:55:00,4351.975,4355.545,4350.775,4353.715,0.159
1767315600000,2026-01-02,01:00:00,4353.695,4355.575,4346.895,4347.785,0.1547
1767315900000,2026-01-02,01:05:00,4347.695,4350.085,4345.045,4346.045,0.1468
1767316200000,2026-01-02,01:10:00,4346.015,4350.805,4345.665,4346.315,0.1351
1767316500000,2026-01-02,01:15:00,4346.445,4349.495,4344.785,4348.895,0.1374
1767316800000,2026-01-02,01:20:00,4348.965,4349.655,4345.735,4346.065,0.182
1767317100000,2026-01-02,01:25:00,4345.975,4349.305,4344.295,4348.975,0.2244
1767317400000,2026-01-02,01:30:00,4348.975,4351.115,4348.495,4349.365,0.2246
1767317700000,2026-01-02,01:35:00,4349.285,4351.295,4347.795,4348.505,0.2157
1767318000000,2026-01-02,01:40:00,4348.498,4349.455,4345.325,4346.215,0.1757
1767318300000,2026-01-02,01:45:00,4346.475,4352.005,4345.815,4351.945,0.1744
1767318600000,2026-01-02,01:50:00,4351.975,4354.295,4350.005,4350.005,0.1381
1767318900000,2026-01-02,01:55:00,4349.975,4350.565,4347.295,4347.685,0.0781
1767319200000,2026-01-02,02:00:00,4347.635,4351.825,4347.348,4349.975,0.081
1767319500000,2026-01-02,02:05:00,4349.865,4349.905,4346.625,4347.585,0.0791
1767319800000,2026-01-02,02:10:00,4347.445,4347.565,4345.475,4346.675,0.0837
1767320100000,2026-01-02,02:15:00,4346.695,4347.785,4345.038,4347.458,0.1187
1767320400000,2026-01-02,02:20:00,4347.505,4347.545,4344.838,4346.385,0.108
1767320700000,2026-01-02,02:25:00,4346.355,4348.215,4344.735,4347.645,0.159
1767321000000,2026-01-02,02:30:00,4347.675,4350.255,4345.475,4346.645,0.1392
1767321300000,2026-01-02,02:35:00,4346.775,4353.095,4346.725,4351.815,0.1879
1767321600000,2026-01-02,02:40:00,4351.785,4352.175,4350.475,4351.205,0.1337
1767321900000,2026-01-02,02:45:00,4351.205,4355.525,4350.915,4354.725,0.1465
1767322200000,2026-01-02,02:50:00,4354.725,4359.648,4354.685,4358.905,0.1719
1767322500000,2026-01-02,02:55:00,4358.905,4362.915,4357.698,4362.585,0.2447
1767322800000,2026-01-02,03:00:00,4362.555,4364.225,4361.785,4363.805,0.184
1767323100000,2026-01-02,03:05:00,4363.715,4366.195,4363.565,4365.145,0.1137
1767323400000,2026-01-02,03:10:00,4365.165,4371.585,4365.025,4368.765,0.1481
1767323700000,2026-01-02,03:15:00,4368.745,4368.895,4365.365,4366.395,0.1748
1767324000000,2026-01-02,03:20:00,4366.395,4370.665,4365.595,4369.705,0.1646
1767324300000,2026-01-02,03:25:00,4369.745,4369.805,4367.355,4368.728,0.1757
1767324600000,2026-01-02,03:30:00,4368.728,4372.848,4367.805,4370.885,0.1809
1767324900000,2026-01-02,03:35:00,4370.885,4371.815,4369.008,4370.775,0.2073
1767325200000,2026-01-02,03:40:00,4370.865,4374.535,4370.315,4373.425,0.1677
1767325500000,2026-01-02,03:45:00,4373.335,4375.398,4372.298,4373.065,0.1633
1767325800000,2026-01-02,03:50:00,4373.135,4375.145,4372.298,4373.505,0.2131
1767326100000,2026-01-02,03:55:00,4373.475,4375.215,4371.655,4374.748,0.268
1767326400000,2026-01-02,04:00:00,4374.759,4377.485,4373.548,4377.225,0.1874
1767326700000,2026-01-02,04:05:00,4377.245,4378.135,4375.415,4375.695,0.1463
1767327000000,2026-01-02,04:10:00,4375.745,4377.095,4374.255,4374.555,0.1311
1767327300000,2026-01-02,04:15:00,4374.525,4375.555,4373.665,4374.785,0.1434
1767327600000,2026-01-02,04:20:00,4374.855,4375.285,4371.215,4372.565,0.1565
1767327900000,2026-01-02,04:25:00,4372.575,4375.955,4372.405,4373.345,0.1127
1767328200000,2026-01-02,04:30:00,4373.335,4374.445,4371.315,4373.125,0.1268
1767328500000,2026-01-02,04:35:00,4373.125,4373.545,4371.465,4372.855,0.1988
1767328800000,2026-01-02,04:40:00,4373.005,4375.175,4372.295,4375.095,0.1477
1767329100000,2026-01-02,04:45:00,4375.105,4375.645,4373.448,4374.248,0.0968
1767329400000,2026-01-02,04:50:00,4374.265,4375.148,4371.975,4372.515,0.0941
1767329700000,2026-01-02,04:55:00,4372.435,4372.898,4371.038,4372.898,0.1187
1767330000000,2026-01-02,05:00:00,4373.215,4373.298,4370.598,4371.298,0.1357
1767330300000,2026-01-02,05:05:00,4371.398,4377.898,4370.975,4377.298,0.1495
1767330600000,2026-01-02,05:10:00,4377.325,4379.998,4377.148,4377.395,0.1466
1767330900000,2026-01-02,05:15:00,4377.435,4378.848,4376.005,4376.635,0.1194
1767331200000,2026-01-02,05:20:00,4376.675,4379.765,4375.005,4377.935,0.141
1767331500000,2026-01-02,05:25:00,4377.905,4378.395,4377.148,4378.255,0.2029
1767331800000,2026-01-02,05:30:00,4378.205,4379.355,4377.675,4378.745,0.101
1767332100000,2026-01-02,05:35:00,4378.685,4379.475,4377.775,4379.205,0.0715
1767332400000,2026-01-02,05:40:00,4379.165,4379.415,4377.435,4378.405,0.0639
1767332700000,2026-01-02,05:45:00,4378.425,4379.545,4377.975,4379.055,0.0742
1767333000000,2026-01-02,05:50:00,4379.025,4381.495,4378.285,4380.965,0.0812
1767333300000,2026-01-02,05:55:00,4380.995,4381.415,4378.785,4380.335,0.0953
1767333600000,2026-01-02,06:00:00,4380.345,4380.548,4376.435,4377.075,0.0811
1767333900000,2026-01-02,06:05:00,4377.045,4377.075,4373.598,4374.545,0.073
1767334200000,2026-01-02,06:10:00,4374.525,4377.465,4374.105,4374.865,0.0872
1767334500000,2026-01-02,06:15:00,4374.745,4377.735,4373.308,4377.285,0.1477
1767334800000,2026-01-02,06:20:00,4377.315,4379.275,4375.975,4377.705,0.1267
1767335100000,2026-01-02,06:25:00,4377.715,4379.885,4377.185,4379.625,0.1004
1767335400000,2026-01-02,06:30:00,4379.595,4379.595,4376.805,4378.305,0.1035
1767335700000,2026-01-02,06:35:00,4378.275,4378.705,4375.895,4375.945,0.0915
1767336000000,2026-01-02,06:40:00,4375.905,4376.475,4373.865,4373.868,0.0874
1767336300000,2026-01-02,06:45:00,4373.885,4375.855,4372.965,4375.435,0.1184
1767336600000,2026-01-02,06:50:00,4375.498,4375.925,4373.175,4374.115,0.1138
1767336900000,2026-01-02,06:55:00,4374.085,4375.395,4372.975,4374.315,0.0978
1767337200000,2026-01-02,07:00:00,4374.355,4375.785,4372.925,4373.715,0.1142
1767337500000,2026-01-02,07:05:00,4373.745,4375.635,4372.805,4372.805,0.0843
1767337800000,2026-01-02,07:10:00,4372.455,4377.775,4372.035,4377.045,0.1253
1767338100000,2026-01-02,07:15:00,4377.075,4377.235,4373.948,4374.415,0.1709
1767338400000,2026-01-02,07:20:00,4374.385,4375.365,4371.635,4372.285,0.1171
1767338700000,2026-01-02,07:25:00,4372.235,4375.065,4372.145,4373.465,0.1087
1767339000000,2026-01-02,07:30:00,4373.435,4379.755,4371.945,4378.595,0.1217
1767339300000,2026-01-02,07:35:00,4378.625,4380.415,4378.215,4379.485,0.1076
1767339600000,2026-01-02,07:40:00,4379.495,4379.495,4375.318,4375.575,0.0929
1767339900000,2026-01-02,07:45:00,4375.525,4377.735,4375.115,4376.865,0.128
1767340200000,2026-01-02,07:50:00,4376.895,4381.105,4376.105,4380.185,0.1058
1767340500000,2026-01-02,07:55:00,4380.205,4383.165,4380.075,4382.525,0.1283
1767340800000,2026-01-02,08:00:00,4382.545,4384.458,4380.555,4382.575,0.1553
1767341100000,2026-01-02,08:05:00,4382.545,4385.565,4381.235,4385.515,0.1078
1767341400000,2026-01-02,08:10:00,4385.495,4386.155,4383.755,4384.565,0.0731
1767341700000,2026-01-02,08:15:00,4384.498,4384.758,4382.305,4382.635,0.0972
1767342000000,2026-01-02,08:20:00,4382.605,4383.505,4381.298,4383.248,0.1091
1767342300000,2026-01-02,08:25:00,4383.038,4385.398,4382.748,4384.898,0.1271
1767342600000,2026-01-02,08:30:00,4384.898,4388.798,4383.798,4388.335,0.163
1767342900000,2026-01-02,08:35:00,4388.298,4388.815,4387.068,4388.198,0.1374
1767343200000,2026-01-02,08:40:00,4388.275,4390.198,4387.598,4390.198,0.1768
1767343500000,2026-01-02,08:45:00,4390.098,4397.315,4390.098,4394.535,0.2072
1767343800000,2026-01-02,08:50:00,4394.505,4395.505,4391.248,4392.048,0.1595
1767344100000,2026-01-02,08:55:00,4392.048,4392.548,4386.335,4386.598,0.1628
1767344400000,2026-01-02,09:00:00,4386.598,4389.135,4385.748,4388.198,0.2057
1767344700000,2026-01-02,09:05:00,4388.098,4390.698,4387.298,4390.498,0.1736
1767345000000,2026-01-02,09:10:00,4390.448,4390.598,4387.055,4389.675,0.1667
1767345300000,2026-01-02,09:15:00,4389.648,4391.248,4387.475,4388.165,0.1732
1767345600000,2026-01-02,09:20:00,4388.215,4388.295,4382.858,4385.748,0.3409
1767345900000,2026-01-02,09:25:00,4385.848,4388.795,4385.005,4388.405,0.1179
1767346200000,2026-01-02,09:30:00,4388.405,4389.565,4387.818,4387.855,0.1098
1767346500000,2026-01-02,09:35:00,4387.825,4389.155,4386.508,4386.815,0.0972
1767346800000,2026-01-02,09:40:00,4386.815,4389.075,4386.535,4388.355,0.11
1767347100000,2026-01-02,09:45:00,4388.355,4389.115,4386.385,4387.895,0.0997
1767347400000,2026-01-02,09:50:00,4387.855,4388.965,4386.655,4388.885,0.1096
1767347700000,2026-01-02,09:55:00,4388.915,4388.965,4384.638,4385.055,0.1279
1767348000000,2026-01-02,10:00:00,4385.085,4387.708,4384.198,4387.598,0.1457
1767348300000,2026-01-02,10:05:00,4387.468,4388.198,4385.755,4386.298,0.1847
1767348600000,2026-01-02,10:10:00,4386.338,4387.738,4385.698,4387.698,0.094
1767348900000,2026-01-02,10:15:00,4387.635,4387.898,4386.298,4387.235,0.1146
1767349200000,2026-01-02,10:20:00,4387.055,4389.458,4387.045,4388.515,0.1159
1767349500000,2026-01-02,10:25:00,4388.495,4389.275,4385.248,4385.948,0.1465
1767349800000,2026-01-02,10:30:00,4385.948,4388.685,4384.328,4388.495,0.2284
1767350100000,2026-01-02,10:35:00,4388.645,4394.565,4388.255,4394.325,0.1537
1767350400000,2026-01-02,10:40:00,4394.395,4396.325,4392.815,4393.415,0.1153
1767350700000,2026-01-02,10:45:00,4393.475,4396.385,4393.345,4394.645,0.0975
1767351000000,2026-01-02,10:50:00,4394.625,4398.235,4394.625,4396.425,0.1227
1767351300000,2026-01-02,10:55:00,4396.525,4398.165,4395.818,4395.818,0.1049
1767351600000,2026-01-02,11:00:00,4395.915,4397.495,4394.845,4396.445,0.1092
1767351900000,2026-01-02,11:05:00,4396.535,4397.045,4394.938,4395.155,0.0658
1767352200000,2026-01-02,11:10:00,4395.395,4395.415,4393.555,4394.795,0.0954
1767352500000,2026-01-02,11:15:00,4394.748,4396.685,4394.618,4396.495,0.0741
1767352800000,2026-01-02,11:20:00,4396.495,4397.898,4395.698,4397.798,0.1003
1767353100000,2026-01-02,11:25:00,4397.798,4398.998,4393.845,4394.015,0.1353
1767353400000,2026-01-02,11:30:00,4394.015,4394.648,4391.355,4393.518,0.1235
1767353700000,2026-01-02,11:35:00,4393.505,4394.325,4391.238,4392.728,0.1086
1767354000000,2026-01-02,11:40:00,4392.728,4395.198,4392.045,4394.598,0.1073
1767354300000,2026-01-02,11:45:00,4394.615,4395.138,4392.835,4393.798,0.1093
1767354600000,2026-01-02,11:50:00,4393.798,4393.798,4390.465,4391.258,0.1113
1767354900000,2026-01-02,11:55:00,4391.278,4392.678,4390.245,4392.535,0.1753
1767355200000,2026-01-02,12:00:00,4392.565,4392.585,4390.598,4390.898,0.1284
1767355500000,2026-01-02,12:05:00,4390.898,4396.255,4390.838,4395.685,0.1132
1767355800000,2026-01-02,12:10:00,4395.745,4396.805,4393.098,4394.815,0.1438
1767356100000,2026-01-02,12:15:00,4394.815,4397.755,4393.835,4397.128,0.1173
1767356400000,2026-01-02,12:20:00,4397.148,4397.875,4395.155,4395.205,0.122
1767356700000,2026-01-02,12:25:00,4395.185,4395.455,4392.628,4393.015,0.0925
1767357000000,2026-01-02,12:30:00,4392.935,4394.295,4391.848,4393.735,0.0902
1767357300000,2026-01-02,12:35:00,4393.785,4393.935,4390.925,4392.245,0.1255
1767357600000,2026-01-02,12:40:00,4392.195,4392.295,4384.705,4387.585,0.2213
1767357900000,2026-01-02,12:45:00,4387.595,4388.635,4385.025,4387.565,0.2012
1767358200000,2026-01-02,12:50:00,4387.565,4389.855,4386.835,4389.585,0.1517
1767358500000,2026-01-02,12:55:00,4389.585,4394.418,4389.585,4393.978,0.1673
1767358800000,2026-01-02,13:00:00,4393.978,4397.415,4392.218,4397.085,0.6171
1767359100000,2026-01-02,13:05:00,4397.109,4397.718,4395.065,4396.765,0.4113
1767359400000,2026-01-02,13:10:00,4396.765,4400.808,4396.375,4399.425,0.5067
1767359700000,2026-01-02,13:15:00,4399.425,4401.928,4397.598,4398.485,0.8825
1767360000000,2026-01-02,13:20:00,4398.435,4398.695,4379.175,4381.058,0.4451
1767360300000,2026-01-02,13:25:00,4381.058,4384.005,4372.855,4374.325,0.2832
1767360600000,2026-01-02,13:30:00,4374.125,4377.035,4368.315,4372.505,0.2309
1767360900000,2026-01-02,13:35:00,4372.765,4374.675,4365.545,4369.405,0.209
1767361200000,2026-01-02,13:40:00,4369.445,4372.555,4367.955,4372.375,0.1694
1767361500000,2026-01-02,13:45:00,4372.325,4377.615,4370.205,4370.495,0.1622
1767361800000,2026-01-02,13:50:00,4370.085,4371.605,4365.485,4366.525,0.1975
1767362100000,2026-01-02,13:55:00,4366.505,4370.065,4361.695,4365.785,0.1797
1767362400000,2026-01-02,14:00:00,4365.905,4371.885,4364.375,4371.335,0.1974
1767362700000,2026-01-02,14:05:00,4371.335,4372.525,4368.655,4370.455,0.1256
1767363000000,2026-01-02,14:10:00,4370.455,4371.575,4368.475,4369.995,0.1081
1767363300000,2026-01-02,14:15:00,4370.025,4371.835,4366.698,4371.795,0.159
1767363600000,2026-01-02,14:20:00,4371.755,4373.495,4368.225,4368.365,0.1639
1767363900000,2026-01-02,14:25:00,4368.465,4371.355,4367.575,4368.215,0.1761
1767364200000,2026-01-02,14:30:00,4368.175,4370.025,4354.335,4355.045,0.363
1767364500000,2026-01-02,14:35:00,4354.985,4359.705,4349.915,4350.935,0.359
1767364800000,2026-01-02,14:40:00,4351.015,4356.375,4347.635,4356.125,0.3263
1767365100000,2026-01-02,14:45:00,4356.195,4362.865,4353.625,4361.215,0.3004
1767365400000,2026-01-02,14:50:00,4361.235,4362.955,4354.805,4358.815,0.2712
1767365700000,2026-01-02,14:55:00,4358.335,4359.375,4352.105,4353.275,0.2332
1767366000000,2026-01-02,15:00:00,4352.955,4356.905,4342.015,4342.205,0.2757
1767366300000,2026-01-02,15:05:00,4342.155,4350.295,4338.845,4347.045,0.2899
1767366600000,2026-01-02,15:10:00,4347.065,4348.865,4333.485,4340.595,0.3053
1767366900000,2026-01-02,15:15:00,4340.565,4342.555,4334.575,4339.235,0.3131
1767367200000,2026-01-02,15:20:00,4339.375,4341.225,4330.065,4334.175,0.3048
1767367500000,2026-01-02,15:25:00,4334.115,4340.145,4333.885,4336.335,0.2917
1767367800000,2026-01-02,15:30:00,4336.435,4339.625,4331.425,4338.955,0.2698
1767368100000,2026-01-02,15:35:00,4338.925,4341.635,4337.185,4340.105,0.2172
1767368400000,2026-01-02,15:40:00,4340.465,4346.595,4340.465,4345.935,0.2102
1767368700000,2026-01-02,15:45:00,4345.915,4346.865,4340.695,4342.625,0.2478
1767369000000,2026-01-02,15:50:00,4342.655,4343.805,4338.515,4340.985,0.2596
1767369300000,2026-01-02,15:55:00,4341.085,4341.235,4333.345,4335.095,0.2827
1767369600000,2026-01-02,16:00:00,4335.055,4337.095,4324.195,4327.295,0.306
1767369900000,2026-01-02,16:05:00,4327.315,4329.325,4322.135,4326.405,0.3087
1767370200000,2026-01-02,16:10:00,4326.385,4326.615,4320.175,4322.335,0.2819
1767370500000,2026-01-02,16:15:00,4322.275,4324.785,4315.185,4317.045,0.313
1767370800000,2026-01-02,16:20:00,4317.075,4320.825,4314.845,4318.455,0.2793
1767371100000,2026-01-02,16:25:00,4318.058,4324.005,4318.025,4321.495,0.2462
1767371400000,2026-01-02,16:30:00,4321.105,4321.675,4315.115,4316.025,0.231
1767371700000,2026-01-02,16:35:00,4316.065,4324.775,4314.925,4322.075,0.2431
1767372000000,2026-01-02,16:40:00,4322.065,4327.948,4320.865,4325.555,0.2617
1767372300000,2026-01-02,16:45:00,4325.595,4328.155,4322.785,4324.375,0.2662
1767372600000,2026-01-02,16:50:00,4324.098,4326.625,4321.975,4323.565,0.2991
1767372900000,2026-01-02,16:55:00,4323.585,4326.335,4321.245,4326.335,0.2161
1767373200000,2026-01-02,17:00:00,4326.305,4332.055,4324.609,4331.915,0.2316
1767373500000,2026-01-02,17:05:00,4331.625,4333.215,4327.075,4327.945,0.2048
1767373800000,2026-01-02,17:10:00,4328.015,4331.195,4327.355,4329.975,0.2071
1767374100000,2026-01-02,17:15:00,4330.015,4332.895,4328.265,4329.105,0.1657
1767374400000,2026-01-02,17:20:00,4329.065,4330.675,4325.565,4325.925,0.1726
1767374700000,2026-01-02,17:25:00,4325.855,4328.935,4323.805,4328.545,0.1777
1767375000000,2026-01-02,17:30:00,4328.605,4331.105,4326.415,4328.405,0.198
1767375300000,2026-01-02,17:35:00,4328.375,4329.685,4324.485,4325.295,0.1771
1767375600000,2026-01-02,17:40:00,4325.325,4327.125,4323.085,4326.155,0.2073
1767375900000,2026-01-02,17:45:00,4326.175,4327.865,4324.665,4325.765,0.1995
1767376200000,2026-01-02,17:50:00,4325.735,4327.605,4323.835,4325.085,0.199
1767376500000,2026-01-02,17:55:00,4325.145,4326.125,4322.475,4322.825,0.2092
1767376800000,2026-01-02,18:00:00,4322.785,4323.425,4320.395,4321.755,0.1784
1767377100000,2026-01-02,18:05:00,4321.795,4323.065,4315.745,4316.295,0.1813
1767377400000,2026-01-02,18:10:00,4316.335,4316.575,4312.275,4314.155,0.187
1767377700000,2026-01-02,18:15:00,4314.115,4318.225,4310.008,4318.185,0.215
1767378000000,2026-01-02,18:20:00,4318.225,4319.835,4315.755,4318.985,0.2147
1767378300000,2026-01-02,18:25:00,4319.035,4321.435,4317.505,4318.315,0.221
1767378600000,2026-01-02,18:30:00,4318.285,4319.275,4314.615,4315.855,0.1559
1767378900000,2026-01-02,18:35:00,4315.785,4318.275,4311.675,4315.355,0.1799
1767379200000,2026-01-02,18:40:00,4315.325,4316.015,4309.618,4312.275,0.1823
1767379500000,2026-01-02,18:45:00,4312.305,4314.825,4312.075,4313.045,0.1807
1767379800000,2026-01-02,18:50:00,4313.015,4315.125,4311.815,4314.905,0.172
1767380100000,2026-01-02,18:55:00,4314.935,4315.515,4313.675,4314.955,0.1526
1767380400000,2026-01-02,19:00:00,4315.325,4320.305,4315.325,4319.525,0.1456
1767380700000,2026-01-02,19:05:00,4319.565,4321.685,4317.655,4320.615,0.1581
1767381000000,2026-01-02,19:10:00,4320.595,4321.905,4319.745,4321.235,0.1468
1767381300000,2026-01-02,19:15:00,4321.485,4322.925,4320.965,4321.835,0.1464
1767381600000,2026-01-02,19:20:00,4321.805,4321.805,4316.115,4316.385,0.144
1767381900000,2026-01-02,19:25:00,4316.405,4318.705,4316.315,4318.225,0.1485
1767382200000,2026-01-02,19:30:00,4318.355,4321.505,4317.905,4320.455,0.1564
1767382500000,2026-01-02,19:35:00,4320.405,4325.935,4320.095,4323.485,0.1406
1767382800000,2026-01-02,19:40:00,4323.605,4326.005,4321.495,4322.425,0.169
1767383100000,2026-01-02,19:45:00,4322.375,4322.625,4319.225,4320.818,0.1463
1767383400000,2026-01-02,19:50:00,4320.845,4320.915,4317.165,4319.715,0.1588
1767383700000,2026-01-02,19:55:00,4319.705,4320.575,4317.555,4317.845,0.1619
1767384000000,2026-01-02,20:00:00,4317.815,4320.135,4316.925,4318.435,0.1873
1767384300000,2026-01-02,20:05:00,4318.445,4319.995,4317.725,4319.005,0.175
1767384600000,2026-01-02,20:10:00,4319.235,4321.255,4319.235,4319.735,0.174
1767384900000,2026-01-02,20:15:00,4319.169,4322.115,4318.575,4322.045,0.1838
1767385200000,2026-01-02,20:20:00,4322.065,4326.135,4322.055,4326.025,0.1941
1767385500000,2026-01-02,20:25:00,4325.995,4329.195,4324.608,4328.265,0.2301
1767385800000,2026-01-02,20:30:00,4328.165,4328.285,4325.125,4327.475,0.1929
1767386100000,2026-01-02,20:35:00,4327.425,4328.905,4326.015,4327.345,0.1534
1767386400000,2026-01-02,20:40:00,4327.215,4329.065,4326.505,4326.625,0.1741
1767386700000,2026-01-02,20:45:00,4326.595,4327.895,4326.165,4327.015,0.1779
1767387000000,2026-01-02,20:50:00,4326.965,4329.485,4326.535,4327.825,0.1778
1767387300000,2026-01-02,20:55:00,4327.775,4331.345,4327.775,4331.325,0.2
1767387600000,2026-01-02,21:00:00,4331.405,4331.595,4328.015,4330.425,0.1058
1767387900000,2026-01-02,21:05:00,4330.395,4331.065,4326.635,4329.275,0.1789
1767388200000,2026-01-02,21:10:00,4329.315,4330.955,4328.175,4328.715,0.1158
1767388500000,2026-01-02,21:15:00,4328.715,4328.995,4327.525,4328.205,0.0394
1767388800000,2026-01-02,21:20:00,4328.235,4329.155,4327.715,4328.815,0.0304
1767389100000,2026-01-02,21:25:00,4328.855,4329.525,4327.815,4328.645,0.0794
1767389400000,2026-01-02,21:30:00,4328.595,4329.405,4328.025,4329.265,0.0369
1767389700000,2026-01-02,21:35:00,4329.248,4330.155,4327.975,4328.105,0.0553
1767390000000,2026-01-02,21:40:00,4328.095,4328.565,4327.075,4328.345,0.0597
1767390300000,2026-01-02,21:45:00,4328.275,4331.265,4328.225,4330.255,0.076
1767390600000,2026-01-02,21:50:00,4330.275,4333.165,4330.215,4332.765,0.1196
1767390900000,2026-01-02,21:55:00,4332.745,4333.045,4331.395,4331.575,0.1044
1767567600000,2026-01-04,23:00:00,4360.875,4360.898,4344.425,4355.848,0.2955
1767567900000,2026-01-04,23:05:00,4355.948,4358.848,4348.848,4358.848,0.3612
1767568200000,2026-01-04,23:10:00,4359.048,4370.175,4358.558,4369.665,0.1787
1767568500000,2026-01-04,23:15:00,4369.635,4372.025,4360.655,4364.845,0.4415
1767568800000,2026-01-04,23:20:00,4364.805,4368.445,4363.735,4364.435,0.2515
1767569100000,2026-01-04,23:25:00,4364.435,4367.665,4362.848,4366.545,0.1286
1767569400000,2026-01-04,23:30:00,4366.525,4366.525,4354.045,4356.545,0.137
1767569700000,2026-01-04,23:35:00,4356.515,4361.975,4354.125,4361.405,0.1306
1767570000000,2026-01-04,23:40:00,4361.495,4363.225,4360.445,4361.955,0.0726
1767570300000,2026-01-04,23:45:00,4361.965,4370.735,4361.095,4370.515,0.1197
1767570600000,2026-01-04,23:50:00,4370.495,4375.298,4370.495,4373.015,0.2984
1767570900000,2026-01-04,23:55:00,4373.115,4375.665,4371.605,4372.345,0.1152
1767571200000,2026-01-05,00:00:00,4372.275,4375.125,4370.355,4370.505,0.1353
1767571500000,2026-01-05,00:05:00,4370.505,4375.195,4370.025,4375.025,0.0883
1767571800000,2026-01-05,00:10:00,4375.105,4379.685,4374.905,4377.625,0.1514
1767572100000,2026-01-05,00:15:00,4377.625,4383.195,4377.195,4383.105,0.351
1767572400000,2026-01-05,00:20:00,4383.105,4385.575,4381.575,4384.145,0.1604
1767572700000,2026-01-05,00:25:00,4384.165,4389.198,4382.905,4386.555,0.1552
1767573000000,2026-01-05,00:30:00,4386.548,4392.305,4385.898,4388.415,0.1937
1767573300000,2026-01-05,00:35:00,4388.445,4396.475,4387.235,4394.998,0.2789
1767573600000,2026-01-05,00:40:00,4395.035,4395.198,4385.315,4387.675,0.1825
1767573900000,2026-01-05,00:45:00,4387.625,4391.675,4384.648,4391.625,0.2412
1767574200000,2026-01-05,00:50:00,4391.805,4392.395,4389.225,4391.755,0.1724
1767574500000,2026-01-05,00:55:00,4391.805,4395.865,4389.135,4394.765,0.2513
1767574800000,2026-01-05,01:00:00,4394.905,4416.855,4394.195,4416.675,0.4448
1767575100000,2026-01-05,01:05:00,4416.735,4421.195,4404.475,4410.075,0.4953
1767575400000,2026-01-05,01:10:00,4410.155,4416.398,4396.565,4402.615,0.4733
1767575700000,2026-01-05,01:15:00,4402.535,4404.205,4395.238,4395.425,0.4052
1767576000000,2026-01-05,01:20:00,4395.395,4401.698,4393.685,4397.475,0.3785
1767576300000,2026-01-05,01:25:00,4397.448,4405.035,4393.825,4395.725,0.3787
1767576600000,2026-01-05,01:30:00,4395.758,4400.445,4392.775,4395.375,0.3046
1767576900000,2026-01-05,01:35:00,4394.195,4404.715,4394.145,4404.095,0.3841
1767577200000,2026-01-05,01:40:00,4404.148,4404.755,4397.575,4404.045,0.344
1767577500000,2026-01-05,01:45:00,4404.105,4406.605,4398.555,4399.305,0.4045
1767577800000,2026-01-05,01:50:00,4399.515,4400.325,4390.558,4398.125,0.4373
1767578100000,2026-01-05,01:55:00,4398.125,4401.795,4396.875,4401.655,0.3141
1767578400000,2026-01-05,02:00:00,4401.695,4404.815,4395.205,4398.535,0.3717
1767578700000,2026-01-05,02:05:00,4398.655,4399.605,4388.365,4390.548,0.4073
1767579000000,2026-01-05,02:10:00,4390.558,4394.345,4389.585,4393.875,0.3467
1767579300000,2026-01-05,02:15:00,4393.869,4397.895,4392.105,4394.055,0.2995
1767579600000,2026-01-05,02:20:00,4394.275,4397.155,4393.695,4397.065,0.1592
1767579900000,2026-01-05,02:25:00,4397.065,4402.635,4397.035,4401.765,0.3051
1767580200000,2026-01-05,02:30:00,4401.715,4406.648,4400.835,4402.365,0.3781
1767580500000,2026-01-05,02:35:00,4402.395,4404.695,4401.308,4402.105,0.2646
1767580800000,2026-01-05,02:40:00,4402.065,4404.785,4399.465,4399.505,0.3256
1767581100000,2026-01-05,02:45:00,4400.075,4404.935,4398.145,4403.045,0.3015
1767581400000,2026-01-05,02:50:00,4403.065,4408.225,4402.435,4406.648,0.4856
1767581700000,2026-01-05,02:55:00,4406.825,4409.095,4403.845,4404.985,0.4476
1767582000000,2026-01-05,03:00:00,4404.948,4412.045,4404.855,4411.415,0.3951
1767582300000,2026-01-05,03:05:00,4411.415,4413.875,4409.188,4409.855,0.2947
1767582600000,2026-01-05,03:10:00,4409.865,4413.145,4408.358,4410.295,0.2674
1767582900000,2026-01-05,03:15:00,4410.355,4412.395,4407.575,4408.218,0.2459
1767583200000,2026-01-05,03:20:00,4408.218,4409.765,4407.725,4409.735,0.2115
1767583500000,2026-01-05,03:25:00,4409.755,4409.805,4405.885,4407.175,0.2116
1767583800000,2026-01-05,03:30:00,4407.155,4407.175,4403.155,4403.845,0.1962
1767584100000,2026-01-05,03:35:00,4403.895,4408.975,4403.628,4408.465,0.1623
1767584400000,2026-01-05,03:40:00,4408.485,4410.365,4407.645,4409.305,0.2814
1767584700000,2026-01-05,03:45:00,4409.275,4409.925,4406.185,4406.548,0.2202
1767585000000,2026-01-05,03:50:00,4406.645,4408.858,4406.548,4406.548,0.1657
1767585300000,2026-01-05,03:55:00,4406.548,4406.655,4399.485,4399.615,0.2336
1767585600000,2026-01-05,04:00:00,4399.645,4402.835,4397.005,4402.485,0.171
1767585900000,2026-01-05,04:05:00,4402.425,4404.155,4399.875,4399.875,0.1316
1767586200000,2026-01-05,04:10:00,4399.805,4400.835,4398.418,4399.785,0.1021
1767586500000,2026-01-05,04:15:00,4399.745,4403.555,4399.665,4402.675,0.0968
1767586800000,2026-01-05,04:20:00,4402.665,4406.135,4402.665,4405.005,0.1026
1767587100000,2026-01-05,04:25:00,4405.065,4405.775,4403.965,4404.645,0.0984
1767587400000,2026-01-05,04:30:00,4404.675,4405.685,4404.145,4404.715,0.0865
1767587700000,2026-01-05,04:35:00,4404.775,4406.335,4403.915,4405.305,0.1147
1767588000000,2026-01-05,04:40:00,4405.305,4407.405,4405.115,4405.495,0.1845
1767588300000,2026-01-05,04:45:00,4405.535,4406.985,4405.285,4406.665,0.1656
1767588600000,2026-01-05,04:50:00,4406.805,4408.055,4403.415,4403.705,0.1448
1767588900000,2026-01-05,04:55:00,4403.545,4405.398,4403.538,4403.865,0.1189
1767589200000,2026-01-05,05:00:00,4403.835,4405.785,4403.538,4405.355,0.0997
1767589500000,2026-01-05,05:05:00,4405.375,4406.975,4404.855,4404.908,0.1481
1767589800000,2026-01-05,05:10:00,4404.908,4408.725,4404.908,4407.875,0.1388
1767590100000,2026-01-05,05:15:00,4407.925,4409.345,4407.628,4408.445,0.1142
1767590400000,2026-01-05,05:20:00,4408.385,4408.485,4406.848,4407.845,0.1301
1767590700000,2026-01-05,05:25:00,4407.815,4412.465,4407.055,4412.245,0.1338
1767591000000,2026-01-05,05:30:00,4412.215,4414.335,4408.215,4409.298,0.1825
1767591300000,2026-01-05,05:35:00,4409.298,4410.975,4408.078,4408.965,0.2099
1767591600000,2026-01-05,05:40:00,4408.905,4410.955,4401.648,4401.648,0.2941
1767591900000,2026-01-05,05:45:00,4401.648,4407.285,4400.978,4405.725,0.2477
1767592200000,2026-01-05,05:50:00,4405.755,4410.655,4405.605,4409.785,0.226
1767592500000,2026-01-05,05:55:00,4409.835,4412.195,4407.378,4412.185,0.2421
1767592800000,2026-01-05,06:00:00,4412.125,4416.045,4411.025,4413.575,0.2606
1767593100000,2026-01-05,06:05:00,4413.545,4415.215,4412.445,4414.535,0.2735
1767593400000,2026-01-05,06:10:00,4414.489,4419.835,4412.445,4417.869,0.2649
1767593700000,2026-01-05,06:15:00,4417.889,4419.575,4415.489,4418.885,0.8347
1767594000000,2026-01-05,06:20:00,4418.815,4420.305,4418.105,4419.325,0.323
1767594300000,2026-01-05,06:25:00,4419.425,4425.975,4418.965,4423.655,0.3295
1767594600000,2026-01-05,06:30:00,4424.055,4426.095,4419.905,4420.328,0.2996
1767594900000,2026-01-05,06:35:00,4420.328,4424.695,4415.965,4424.195,0.3134
1767595200000,2026-01-05,06:40:00,4424.005,4425.165,4419.765,4419.795,0.3761
1767595500000,2026-01-05,06:45:00,4419.755,4421.905,4419.335,4421.545,0.3048
1767595800000,2026-01-05,06:50:00,4421.545,4421.565,4417.835,4419.355,0.6198
1767596100000,2026-01-05,06:55:00,4419.355,4420.475,4418.898,4420.235,0.3508
1767596400000,2026-01-05,07:00:00,4420.205,4423.045,4419.195,4421.585,0.1709
1767596700000,2026-01-05,07:05:00,4421.575,4423.685,4416.475,4419.125,0.28
1767597000000,2026-01-05,07:10:00,4419.095,4419.825,4416.698,4419.795,0.1714
1767597300000,2026-01-05,07:15:00,4419.785,4423.135,4419.295,4422.475,0.1528
1767597600000,2026-01-05,07:20:00,4422.425,4422.475,4420.045,4420.595,0.1538
1767597900000,2026-01-05,07:25:00,4420.565,4421.345,4418.535,4420.128,0.1131
1767598200000,2026-01-05,07:30:00,4420.108,4422.125,4418.248,4420.805,0.1771
1767598500000,2026-01-05,07:35:00,4420.775,4423.505,4420.775,4421.865,0.224
1767598800000,2026-01-05,07:40:00,4422.005,4424.695,4420.875,4424.255,0.2806
1767599100000,2026-01-05,07:45:00,4424.245,4424.318,4420.078,4421.535,0.3653
1767599400000,2026-01-05,07:50:00,4421.535,4421.845,4419.688,4420.598,0.2001
1767599700000,2026-01-05,07:55:00,4420.605,4422.135,4419.748,4421.465,0.4598
1767600000000,2026-01-05,08:00:00,4421.465,4423.348,4419.025,4420.848,0.1997
1767600300000,2026-01-05,08:05:00,4420.875,4422.248,4419.535,4420.275,0.3583
1767600600000,2026-01-05,08:10:00,4420.398,4424.948,4419.198,4424.135,0.5655
1767600900000,2026-01-05,08:15:00,4424.085,4429.915,4424.085,4427.375,0.5896
1767601200000,2026-01-05,08:20:00,4427.405,4428.235,4425.515,4427.798,0.3338
1767601500000,2026-01-05,08:25:00,4427.898,4429.765,4426.145,4426.298,0.1356
1767601800000,2026-01-05,08:30:00,4426.275,4427.195,4423.195,4424.795,0.1909
1767602100000,2026-01-05,08:35:00,4424.775,4425.985,4424.145,4425.675,0.1649
1767602400000,2026-01-05,08:40:00,4425.655,4430.735,4425.265,4429.835,0.1899
1767602700000,2026-01-05,08:45:00,4429.835,4432.505,4429.725,4431.915,0.2026
1767603000000,2026-01-05,08:50:00,4431.895,4433.675,4430.405,4430.975,0.1186
1767603300000,2026-01-05,08:55:00,4430.955,4432.255,4429.795,4429.885,0.0944
1767603600000,2026-01-05,09:00:00,4429.655,4431.845,4427.135,4427.875,0.1452
1767603900000,2026-01-05,09:05:00,4427.948,4428.515,4426.225,4426.555,0.1718
1767604200000,2026-01-05,09:10:00,4426.648,4430.815,4425.798,4430.395,0.1779
1767604500000,2026-01-05,09:15:00,4430.415,4431.715,4429.655,4431.565,0.132
1767604800000,2026-01-05,09:20:00,4431.545,4434.125,4430.765,4433.435,0.1703
1767605100000,2026-01-05,09:25:00,4433.415,4434.148,4432.135,4432.265,0.1271
1767605400000,2026-01-05,09:30:00,4432.255,4433.135,4431.105,4432.698,0.1332
1767605700000,2026-01-05,09:35:00,4432.698,4432.998,4430.725,4432.335,0.178
1767606000000,2026-01-05,09:40:00,4432.335,4438.025,4431.998,4437.309,0.2278
1767606300000,2026-01-05,09:45:00,4437.309,4437.815,4434.135,4434.585,0.4485
1767606600000,2026-01-05,09:50:00,4434.615,4437.025,4434.148,4434.669,0.2398
1767606900000,2026-01-05,09:55:00,4434.695,4436.595,4433.475,4434.525,0.4359
1767607200000,2026-01-05,10:00:00,4434.485,4434.948,4430.835,4431.695,0.3731
1767607500000,2026-01-05,10:05:00,4431.725,4433.225,4430.505,4432.535,0.127
1767607800000,2026-01-05,10:10:00,4432.555,4433.285,4431.379,4432.828,0.109
1767608100000,2026-01-05,10:15:00,4432.828,4432.948,4430.959,4431.388,0.1609
1767608400000,2026-01-05,10:20:00,4431.345,4433.865,4431.325,4433.575,0.1217
1767608700000,2026-01-05,10:25:00,4433.545,4436.325,4432.468,4432.848,0.1249
1767609000000,2026-01-05,10:30:00,4432.795,4436.915,4432.538,4436.425,0.1035
1767609300000,2026-01-05,10:35:00,4436.445,4438.785,4435.085,4435.715,0.1053
1767609600000,2026-01-05,10:40:00,4435.695,4436.175,4434.585,4434.885,0.1023
1767609900000,2026-01-05,10:45:00,4434.885,4437.075,4434.068,4436.495,0.1367
1767610200000,2026-01-05,10:50:00,4436.315,4439.675,4436.308,4438.335,0.2027
1767610500000,2026-01-05,10:55:00,4438.355,4438.355,4434.965,4436.085,0.1627
1767610800000,2026-01-05,11:00:00,4436.115,4437.305,4431.495,4432.005,0.1736
1767611100000,2026-01-05,11:05:00,4432.065,4433.098,4430.005,4431.148,0.7411
1767611400000,2026-01-05,11:10:00,4431.148,4433.415,4430.545,4432.955,0.2802
1767611700000,2026-01-05,11:15:00,4433.005,4433.415,4427.255,4427.435,0.1808
1767612000000,2026-01-05,11:20:00,4427.405,4430.595,4426.465,4427.655,0.2119
1767612300000,2026-01-05,11:25:00,4427.675,4427.885,4410.285,4416.925,0.3183
1767612600000,2026-01-05,11:30:00,4416.945,4421.385,4414.848,4419.755,0.2046
1767612900000,2026-01-05,11:35:00,4419.765,4422.735,4418.185,4421.445,0.1503
1767613200000,2026-01-05,11:40:00,4421.395,4424.405,4421.155,4423.965,0.1474
1767613500000,2026-01-05,11:45:00,4423.915,4425.735,4422.075,4425.685,0.1335
1767613800000,2026-01-05,11:50:00,4425.705,4425.885,4420.485,4420.495,0.1412
1767614100000,2026-01-05,11:55:00,4420.235,4421.215,4417.905,4419.035,0.1892
1767614400000,2026-01-05,12:00:00,4419.065,4421.225,4418.125,4419.035,0.181
1767614700000,2026-01-05,12:05:00,4419.075,4419.685,4416.525,4418.725,0.2654
1767615000000,2026-01-05,12:10:00,4418.745,4420.448,4416.965,4417.675,0.153
1767615300000,2026-01-05,12:15:00,4417.675,4418.345,4416.318,4417.855,0.2076
1767615600000,2026-01-05,12:20:00,4417.855,4418.245,4413.545,4414.215,0.1705
1767615900000,2026-01-05,12:25:00,4414.195,4416.785,4413.925,4415.379,0.2103
1767616200000,2026-01-05,12:30:00,4415.375,4416.835,4413.735,4415.315,0.1541
1767616500000,2026-01-05,12:35:00,4415.305,4415.915,4413.305,4415.055,0.1202
1767616800000,2026-01-05,12:40:00,4415.085,4415.255,4406.095,4409.755,0.1898
1767617100000,2026-01-05,12:45:00,4409.715,4412.185,4406.265,4406.935,0.1845
1767617400000,2026-01-05,12:50:00,4406.875,4411.675,4405.265,4410.345,0.1733
1767617700000,2026-01-05,12:55:00,4410.315,4410.865,4407.755,4409.455,0.18
1767618000000,2026-01-05,13:00:00,4409.485,4415.848,4407.525,4415.145,0.2796
1767618300000,2026-01-05,13:05:00,4415.185,4418.765,4407.085,4408.725,0.2545
1767618600000,2026-01-05,13:10:00,4408.765,4412.068,4406.985,4408.945,0.2371
1767618900000,2026-01-05,13:15:00,4408.985,4412.365,4407.475,4411.315,0.2435
1767619200000,2026-01-05,13:20:00,4411.388,4413.135,4402.395,4405.615,0.3051
1767619500000,2026-01-05,13:25:00,4406.075,4407.555,4396.415,4399.385,0.2749
1767619800000,2026-01-05,13:30:00,4399.315,4408.705,4396.045,4408.705,0.3205
1767620100000,2026-01-05,13:35:00,4408.695,4412.275,4407.055,4410.635,0.2728
1767620400000,2026-01-05,13:40:00,4410.898,4414.055,4410.425,4411.928,0.2225
1767620700000,2026-01-05,13:45:00,4411.928,4415.145,4411.268,4413.875,0.2155
1767621000000,2026-01-05,13:50:00,4413.905,4414.935,4412.485,4412.765,0.1771
1767621300000,2026-01-05,13:55:00,4412.725,4417.125,4411.175,4416.635,0.1802
1767621600000,2026-01-05,14:00:00,4416.685,4423.215,4416.685,4422.255,0.2482
1767621900000,2026-01-05,14:05:00,4422.235,4424.655,4420.235,4423.025,0.2324
1767622200000,2026-01-05,14:10:00,4423.395,4428.305,4423.395,4426.025,0.2015
1767622500000,2026-01-05,14:15:00,4426.055,4427.435,4423.045,4426.975,0.2329
1767622800000,2026-01-05,14:20:00,4427.015,4429.548,4421.308,4421.765,0.2265
1767623100000,2026-01-05,14:25:00,4421.725,4423.235,4419.975,4420.835,0.238
1767623400000,2026-01-05,14:30:00,4420.905,4427.205,4417.598,4425.525,0.3286
1767623700000,2026-01-05,14:35:00,4425.495,4427.455,4417.655,4427.115,0.3605
1767624000000,2026-01-05,14:40:00,4426.455,4429.725,4421.788,4429.545,0.3236
1767624300000,2026-01-05,14:45:00,4429.415,4438.298,4427.785,4436.358,0.4048
1767624600000,2026-01-05,14:50:00,4436.358,4439.625,4432.545,4439.625,0.3709
1767624900000,2026-01-05,14:55:00,4439.785,4442.575,4434.378,4435.998,0.3844
1767625200000,2026-01-05,15:00:00,4435.998,4453.165,4435.998,4451.625,0.3515
1767625500000,2026-01-05,15:05:00,4451.655,4455.425,4449.315,4454.005,0.3669
1767625800000,2026-01-05,15:10:00,4453.985,4454.555,4443.918,4448.995,0.3439
1767626100000,2026-01-05,15:15:00,4449.015,4451.485,4446.578,4450.935,0.3023
1767626400000,2026-01-05,15:20:00,4450.915,4452.325,4447.725,4448.248,0.2706
1767626700000,2026-01-05,15:25:00,4448.248,4449.755,4441.908,4444.348,0.3176
1767627000000,2026-01-05,15:30:00,4444.348,4445.098,4440.548,4442.705,0.3293
1767627300000,2026-01-05,15:35:00,4442.685,4444.225,4435.345,4439.675,0.2597
1767627600000,2026-01-05,15:40:00,4439.835,4447.605,4436.715,4447.115,0.2368
1767627900000,2026-01-05,15:45:00,4447.165,4449.548,4442.185,4443.165,0.2791
1767628200000,2026-01-05,15:50:00,4443.195,4445.015,4440.335,4444.635,0.2113
1767628500000,2026-01-05,15:55:00,4444.655,4449.615,4444.335,4448.275,0.1861
1767628800000,2026-01-05,16:00:00,4448.255,4451.235,4445.215,4448.075,0.1888
1767629100000,2026-01-05,16:05:00,4448.105,4448.498,4438.125,4441.495,0.2174
1767629400000,2026-01-05,16:10:00,4441.395,4446.685,4439.245,4446.275,0.2278
1767629700000,2026-01-05,16:15:00,4446.275,4448.555,4444.745,4446.405,0.1907
1767630000000,2026-01-05,16:20:00,4446.435,4447.015,4443.205,4443.525,0.1501
1767630300000,2026-01-05,16:25:00,4443.465,4443.748,4439.748,4440.518,0.1479
1767630600000,2026-01-05,16:30:00,4440.448,4445.698,4439.748,4444.898,0.2113
1767630900000,2026-01-05,16:35:00,4445.015,4445.648,4442.878,4444.155,0.181
1767631200000,2026-01-05,16:40:00,4444.095,4445.598,4443.915,4444.898,0.1419
1767631500000,2026-01-05,16:45:00,4444.845,4450.865,4443.955,4450.585,0.1495
1767631800000,2026-01-05,16:50:00,4450.385,4454.125,4450.385,4452.505,0.1897
1767632100000,2026-01-05,16:55:00,4452.545,4452.545,4440.565,4441.535,0.1986
1767632400000,2026-01-05,17:00:00,4441.815,4442.105,4432.975,4433.275,0.2846
1767632700000,2026-01-05,17:05:00,4433.375,4439.685,4432.095,4439.155,0.2254
1767633000000,2026-01-05,17:10:00,4438.668,4442.225,4435.855,4442.195,0.2011
1767633300000,2026-01-05,17:15:00,4442.175,4446.245,4442.025,4445.055,0.1895
1767633600000,2026-01-05,17:20:00,4445.075,4447.225,4443.335,4446.565,0.1479
1767633900000,2026-01-05,17:25:00,4446.595,4448.855,4444.795,4445.845,0.1472
1767634200000,2026-01-05,17:30:00,4445.785,4446.665,4442.975,4443.715,0.1463
1767634500000,2026-01-05,17:35:00,4443.449,4447.398,4442.335,4444.605,0.1522
1767634800000,2026-01-05,17:40:00,4444.575,4444.755,4437.475,4439.235,0.1712
1767635100000,2026-01-05,17:45:00,4439.205,4444.185,4438.835,4444.085,0.1945
1767635400000,2026-01-05,17:50:00,4444.095,4445.315,4441.765,4444.355,0.1931
1767635700000,2026-01-05,17:55:00,4444.415,4445.455,4442.765,4443.325,0.1728
1767636000000,2026-01-05,18:00:00,4443.295,4444.225,4441.628,4443.085,0.2066
1767636300000,2026-01-05,18:05:00,4443.105,4446.545,4442.625,4445.125,0.1693
1767636600000,2026-01-05,18:10:00,4445.145,4448.005,4444.955,4446.945,0.1323
1767636900000,2026-01-05,18:15:00,4446.975,4448.305,4443.815,4444.905,0.1287
1767637200000,2026-01-05,18:20:00,4444.865,4446.725,4441.735,4446.095,0.1627
1767637500000,2026-01-05,18:25:00,4446.065,4446.065,4439.475,4441.015,0.1663
1767637800000,2026-01-05,18:30:00,4440.825,4444.235,4440.705,4442.235,0.1259
1767638100000,2026-01-05,18:35:00,4442.198,4445.198,4441.425,4444.245,0.1154
1767638400000,2026-01-05,18:40:00,4443.998,4445.625,4442.665,4443.285,0.106
1767638700000,2026-01-05,18:45:00,4443.348,4445.648,4442.445,4445.175,0.0983
1767639000000,2026-01-05,18:50:00,4445.125,4447.025,4443.105,4446.415,0.0915
1767639300000,2026-01-05,18:55:00,4446.405,4448.348,4445.275,4448.348,0.0998
1767639600000,2026-01-05,19:00:00,4448.348,4449.075,4445.915,4447.848,0.1887
1767639900000,2026-01-05,19:05:00,4447.848,4447.848,4435.095,4437.135,0.2127
1767640200000,2026-01-05,19:10:00,4437.205,4440.358,4434.585,4439.765,0.223
1767640500000,2026-01-05,19:15:00,4439.705,4440.955,4437.498,4439.735,0.1374
1767640800000,2026-01-05,19:20:00,4439.785,4441.595,4439.035,4440.805,0.1105
1767641100000,2026-01-05,19:25:00,4440.775,4442.715,4439.975,4441.535,0.1006
1767641400000,2026-01-05,19:30:00,4441.515,4445.548,4440.935,4444.855,0.106
1767641700000,2026-01-05,19:35:00,4444.815,4445.445,4443.735,4444.615,0.0987
1767642000000,2026-01-05,19:40:00,4444.575,4445.105,4442.155,4442.405,0.1214
1767642300000,2026-01-05,19:45:00,4442.435,4443.915,4441.355,4443.245,0.0882
1767642600000,2026-01-05,19:50:00,4443.265,4443.305,4440.198,4441.598,0.115
1767642900000,2026-01-05,19:55:00,4441.598,4442.398,4438.198,4439.485,0.1659
1767643200000,2026-01-05,20:00:00,4439.448,4443.625,4438.785,4442.805,0.1334
1767643500000,2026-01-05,20:05:00,4442.815,4443.185,4439.478,4441.025,0.1182
1767643800000,2026-01-05,20:10:00,4440.955,4445.195,4440.005,4443.635,0.1493
1767644100000,2026-01-05,20:15:00,4443.655,4445.165,4442.575,4444.765,0.12
1767644400000,2026-01-05,20:20:00,4444.765,4446.715,4443.635,4444.555,0.1286
1767644700000,2026-01-05,20:25:00,4444.645,4445.885,4443.605,4445.395,0.1253
1767645000000,2026-01-05,20:30:00,4445.375,4445.375,4441.195,4441.455,0.1419
1767645300000,2026-01-05,20:35:00,4441.485,4443.155,4438.815,4440.845,0.1463
1767645600000,2026-01-05,20:40:00,4440.915,4441.325,4437.735,4437.865,0.1221
1767645900000,2026-01-05,20:45:00,4437.945,4442.705,4437.875,4440.305,0.1407
1767646200000,2026-01-05,20:50:00,4440.325,4442.665,4439.535,4441.705,0.1647
1767646500000,2026-01-05,20:55:00,4441.645,4445.709,4441.235,4444.555,0.2571
1767646800000,2026-01-05,21:00:00,4444.545,4447.425,4444.545,4446.115,0.4661
1767647100000,2026-01-05,21:05:00,4446.125,4447.148,4444.748,4447.148,0.2127
1767647400000,2026-01-05,21:10:00,4447.015,4447.955,4446.275,4446.748,0.1167
1767647700000,2026-01-05,21:15:00,4446.755,4446.755,4443.058,4443.348,0.148
1767648000000,2026-01-05,21:20:00,4443.455,4444.465,4443.195,4443.995,0.1891
1767648300000,2026-01-05,21:25:00,4443.935,4445.245,4443.848,4445.195,0.0649
1767648600000,2026-01-05,21:30:00,4445.195,4448.048,4445.048,4447.375,0.1604
1767648900000,2026-01-05,21:35:00,4447.348,4447.448,4445.798,4445.825,0.0753
1767649200000,2026-01-05,21:40:00,4445.855,4446.798,4445.575,4445.748,0.0634
1767649500000,2026-01-05,21:45:00,4445.848,4448.498,4445.098,4448.248,0.0544
1767649800000,2026-01-05,21:50:00,4448.248,4448.695,4447.755,4448.335,0.0345
1767650100000,2026-01-05,21:55:00,4448.245,4449.165,4447.195,4448.345,0.0428
1767654000000,2026-01-05,23:00:00,4446.615,4454.448,4446.615,4453.765,0.0749
1767654300000,2026-01-05,23:05:00,4453.798,4457.448,4452.398,4456.948,0.0757
1767654600000,2026-01-05,23:10:00,4456.745,4459.815,4450.965,4451.135,0.1046
1767654900000,2026-01-05,23:15:00,4451.125,4453.225,4448.495,4451.595,0.0811
1767655200000,2026-01-05,23:20:00,4451.615,4452.975,4450.365,4450.415,0.0566
1767655500000,2026-01-05,23:25:00,4450.445,4450.715,4448.345,4448.658,0.056
1767655800000,2026-01-05,23:30:00,4448.645,4449.975,4438.465,4441.005,0.1204
1767656100000,2026-01-05,23:35:00,4441.275,4446.095,4441.065,4443.735,0.0741
1767656400000,2026-01-05,23:40:00,4443.795,4444.545,4441.365,4442.745,0.0537
1767656700000,2026-01-05,23:45:00,4442.745,4443.845,4439.715,4441.015,0.0608
1767657000000,2026-01-05,23:50:00,4440.818,4440.925,4438.875,4439.275,0.0588
1767657300000,2026-01-05,23:55:00,4439.165,4441.685,4436.555,4440.285,0.0764
1767657600000,2026-01-06,00:00:00,4440.285,4440.955,4436.185,4440.025,0.1069
1767657900000,2026-01-06,00:05:00,4440.015,4441.455,4436.625,4438.398,0.0744
1767658200000,2026-01-06,00:10:00,4438.505,4440.598,4437.415,4440.198,0.0737
1767658500000,2026-01-06,00:15:00,4440.198,4442.415,4439.148,4441.385,0.0884
1767658800000,2026-01-06,00:20:00,4441.365,4441.905,4439.475,4440.748,0.0605
1767659100000,2026-01-06,00:25:00,4440.748,4441.185,4439.285,4440.675,0.0504
1767659400000,2026-01-06,00:30:00,4440.695,4444.548,4435.985,4436.065,0.1586
1767659700000,2026-01-06,00:35:00,4436.045,4437.305,4433.515,4434.565,0.1146
1767660000000,2026-01-06,00:40:00,4434.495,4436.625,4429.988,4436.385,0.166
1767660300000,2026-01-06,00:45:00,4436.435,4438.005,4435.848,4436.405,0.0967
1767660600000,2026-01-06,00:50:00,4436.345,4437.035,4434.425,4435.255,0.1038
1767660900000,2026-01-06,00:55:00,4435.335,4437.925,4435.105,4436.285,0.1269
1767661200000,2026-01-06,01:00:00,4436.325,4439.995,4427.725,4433.955,0.3561
1767661500000,2026-01-06,01:05:00,4433.925,4439.255,4431.695,4436.155,0.2386
1767661800000,2026-01-06,01:10:00,4436.225,4442.105,4436.055,4441.735,0.2133
1767662100000,2026-01-06,01:15:00,4441.685,4444.115,4439.185,4440.655,0.234
1767662400000,2026-01-06,01:20:00,4440.525,4442.305,4435.045,4435.515,0.2242
1767662700000,2026-01-06,01:25:00,4435.485,4436.715,4433.615,4434.785,0.2403
1767663000000,2026-01-06,01:30:00,4434.755,4436.505,4432.515,4436.035,0.214
1767663300000,2026-01-06,01:35:00,4436.135,4440.265,4434.035,4440.015,0.2729
1767663600000,2026-01-06,01:40:00,4439.995,4443.145,4438.855,4439.055,0.161
1767663900000,2026-01-06,01:45:00,4439.045,4442.425,4438.185,4440.445,0.1992
1767664200000,2026-01-06,01:50:00,4440.505,4448.145,4439.485,4447.485,0.2312
1767664500000,2026-01-06,01:55:00,4447.425,4452.145,4447.005,4450.325,0.3041
1767664800000,2026-01-06,02:00:00,4450.465,4454.735,4448.395,4452.795,0.2858
1767665100000,2026-01-06,02:05:00,4452.795,4457.548,4451.055,4457.045,0.301
1767665400000,2026-01-06,02:10:00,4457.105,4460.109,4456.425,4459.225,0.2986
1767665700000,2026-01-06,02:15:00,4459.195,4459.255,4456.205,4457.698,0.2169
1767666000000,2026-01-06,02:20:00,4457.598,4459.895,4456.798,4459.605,0.1922
1767666300000,2026-01-06,02:25:00,4459.575,4460.655,4457.475,4460.125,0.1609
1767666600000,2026-01-06,02:30:00,4460.105,4461.125,4456.635,4458.475,0.2616
1767666900000,2026-01-06,02:35:00,4458.425,4459.345,4452.085,4452.245,0.3067
1767667200000,2026-01-06,02:40:00,4452.275,4453.575,4448.395,4453.335,0.265
1767667500000,2026-01-06,02:45:00,4453.305,4457.305,4452.935,4455.705,0.2109
1767667800000,2026-01-06,02:50:00,4455.735,4455.965,4452.515,4454.355,0.1434
1767668100000,2026-01-06,02:55:00,4453.925,4455.385,4451.485,4454.695,0.1587
1767668400000,2026-01-06,03:00:00,4454.695,4457.095,4453.875,4456.285,0.1721
1767668700000,2026-01-06,03:05:00,4456.325,4458.565,4454.575,4458.505,0.164
1767669000000,2026-01-06,03:10:00,4458.535,4465.325,4458.465,4462.405,0.2707
1767669300000,2026-01-06,03:15:00,4462.345,4466.965,4461.715,4464.745,0.3765
1767669600000,2026-01-06,03:20:00,4464.735,4467.785,4462.035,4467.335,0.1998
1767669900000,2026-01-06,03:25:00,4467.335,4467.385,4463.255,4463.385,0.2017
1767670200000,2026-01-06,03:30:00,4463.425,4464.895,4462.875,4464.305,0.1582
1767670500000,2026-01-06,03:35:00,4464.275,4467.315,4464.125,4466.905,0.056
1767670800000,2026-01-06,03:40:00,4466.925,4467.145,4464.298,4465.945,0.1122
1767671100000,2026-01-06,03:45:00,4465.875,4467.525,4465.255,4465.585,0.1114
1767671400000,2026-01-06,03:50:00,4465.418,4466.935,4464.295,4466.455,0.082
1767671700000,2026-01-06,03:55:00,4466.455,4467.885,4466.048,4467.305,0.0966
1767672000000,2026-01-06,04:00:00,4467.298,4467.298,4464.935,4466.085,0.0704
1767672300000,2026-01-06,04:05:00,4466.115,4466.175,4464.355,4465.115,0.1188
1767672600000,2026-01-06,04:10:00,4465.545,4468.235,4464.998,4465.465,0.387
1767672900000,2026-01-06,04:15:00,4465.465,4467.135,4462.905,4465.355,0.5722
1767673200000,2026-01-06,04:20:00,4465.365,4466.545,4464.725,4464.725,0.1923
1767673500000,2026-01-06,04:25:00,4464.705,4465.185,4463.145,4464.435,0.4782
1767673800000,2026-01-06,04:30:00,4464.465,4466.135,4464.435,4465.535,0.0602
1767674100000,2026-01-06,04:35:00,4465.465,4465.795,4464.735,4465.795,0.0535
1767674400000,2026-01-06,04:40:00,4465.775,4466.025,4461.475,4462.415,0.1089
1767674700000,2026-01-06,04:45:00,4462.445,4466.025,4462.255,4465.645,0.0902
1767675000000,2026-01-06,04:50:00,4465.575,4467.205,4465.425,4467.005,0.0808
1767675300000,2026-01-06,04:55:00,4466.975,4468.275,4466.335,4467.205,0.2734
1767675600000,2026-01-06,05:00:00,4467.175,4469.055,4466.795,4468.615,0.1686
1767675900000,2026-01-06,05:05:00,4468.575,4469.305,4467.255,4467.435,0.1246
1767676200000,2026-01-06,05:10:00,4467.415,4468.885,4466.945,4466.945,0.1113
1767676500000,2026-01-06,05:15:00,4466.945,4469.545,4466.475,4468.295,0.1392
1767676800000,2026-01-06,05:20:00,4468.238,4469.095,4467.585,4467.675,0.3841
1767677100000,2026-01-06,05:25:00,4467.715,4470.465,4467.248,4469.525,0.2481
1767677400000,2026-01-06,05:30:00,4469.465,4473.915,4469.135,4470.905,0.4331
1767677700000,2026-01-06,05:35:00,4470.955,4471.565,4463.075,4463.245,0.278
1767678000000,2026-01-06,05:40:00,4463.265,4465.985,4461.405,4462.765,0.3004
1767678300000,2026-01-06,05:45:00,4463.015,4464.498,4457.485,4459.405,0.2348
1767678600000,2026-01-06,05:50:00,4459.485,4459.875,4454.395,4455.575,0.2873
1767678900000,2026-01-06,05:55:00,4455.605,4455.855,4449.198,4451.725,0.6356
1767679200000,2026-01-06,06:00:00,4452.115,4456.395,4451.205,4454.995,0.2234
1767679500000,2026-01-06,06:05:00,4455.025,4456.405,4451.445,4455.385,0.1897
1767679800000,2026-01-06,06:10:00,4455.405,4458.165,4455.225,4456.645,0.1395
1767680100000,2026-01-06,06:15:00,4456.665,4458.735,4455.235,4457.695,0.1517
1767680400000,2026-01-06,06:20:00,4457.665,4458.505,4455.875,4457.795,0.2142
1767680700000,2026-01-06,06:25:00,4457.795,4461.095,4457.645,4461.005,0.2198
1767681000000,2026-01-06,06:30:00,4461.045,4464.815,4458.805,4464.385,0.1802
1767681300000,2026-01-06,06:35:00,4464.365,4465.515,4462.425,4464.105,0.1353
1767681600000,2026-01-06,06:40:00,4464.075,4464.725,4461.015,4463.325,0.2216
1767681900000,2026-01-06,06:45:00,4463.325,4463.375,4460.885,4462.875,0.1547
1767682200000,2026-01-06,06:50:00,4462.925,4464.875,4461.448,4464.455,0.2233
1767682500000,2026-01-06,06:55:00,4464.475,4466.655,4463.908,4465.595,0.1183
1767682800000,2026-01-06,07:00:00,4465.565,4468.005,4464.215,4464.948,0.1529
1767683100000,2026-01-06,07:05:00,4464.895,4469.975,4463.975,4468.815,0.1602
1767683400000,2026-01-06,07:10:00,4468.855,4470.035,4467.245,4468.135,0.1212
1767683700000,2026-01-06,07:15:00,4468.115,4469.425,4466.888,4467.085,0.0963
1767684000000,2026-01-06,07:20:00,4467.065,4467.475,4461.625,4463.048,0.1273
1767684300000,2026-01-06,07:25:00,4463.045,4464.865,4461.185,4464.218,0.0853
1767684600000,2026-01-06,07:30:00,4464.218,4466.945,4464.068,4465.225,0.0743
1767684900000,2026-01-06,07:35:00,4465.185,4465.815,4463.225,4465.095,0.1037
1767685200000,2026-01-06,07:40:00,4465.075,4465.605,4463.835,4464.255,0.075
1767685500000,2026-01-06,07:45:00,4464.225,4465.485,4463.265,4465.285,0.0861
1767685800000,2026-01-06,07:50:00,4465.298,4466.135,4459.715,4460.725,0.1529
1767686100000,2026-01-06,07:55:00,4460.785,4460.785,4456.695,4459.125,0.2413
1767686400000,2026-01-06,08:00:00,4459.105,4460.985,4456.975,4460.925,0.2418
1767686700000,2026-01-06,08:05:00,4460.895,4463.335,4460.515,4462.925,0.1887
1767687000000,2026-01-06,08:10:00,4462.885,4463.145,4460.095,4461.755,0.1147
1767687300000,2026-01-06,08:15:00,4461.765,4465.725,4461.525,4465.725,0.092
1767687600000,2026-01-06,08:20:00,4465.745,4469.995,4465.315,4469.005,0.0947
1767687900000,2026-01-06,08:25:00,4469.035,4475.485,4469.035,4470.648,0.2573
1767688200000,2026-01-06,08:30:00,4470.535,4472.348,4465.448,4466.848,0.3551
1767688500000,2026-01-06,08:35:00,4466.865,4468.848,4466.485,4466.655,0.1407
1767688800000,2026-01-06,08:40:00,4466.675,4467.415,4464.195,4465.435,0.1762
1767689100000,2026-01-06,08:45:00,4465.395,4468.185,4464.705,4466.165,0.3391
1767689400000,2026-01-06,08:50:00,4466.145,4467.625,4464.725,4466.695,0.4252
1767689700000,2026-01-06,08:55:00,4466.715,4469.148,4466.248,4467.948,0.5801
1767690000000,2026-01-06,09:00:00,4467.948,4468.185,4462.718,4463.565,0.45
1767690300000,2026-01-06,09:05:00,4463.595,4463.965,4460.245,4461.225,0.2343
1767690600000,2026-01-06,09:10:00,4461.155,4461.788,4453.318,4457.648,0.523
1767690900000,2026-01-06,09:15:00,4457.648,4457.935,4451.775,4453.849,0.3679
1767691200000,2026-01-06,09:20:00,4453.879,4456.765,4452.249,4456.745,0.6851
1767691500000,2026-01-06,09:25:00,4456.738,4456.809,4453.745,4456.379,0.412
1767691800000,2026-01-06,09:30:00,4456.348,4456.499,4454.938,4456.439,0.3201
1767692100000,2026-01-06,09:35:00,4456.439,4456.665,4454.668,4455.675,0.2608
1767692400000,2026-01-06,09:40:00,4455.705,4455.849,4453.445,4455.585,0.3211
1767692700000,2026-01-06,09:45:00,4455.545,4455.875,4445.215,4447.338,0.6112
1767693000000,2026-01-06,09:50:00,4447.338,4450.098,4444.498,4449.048,0.3328
1767693300000,2026-01-06,09:55:00,4448.995,4451.579,4445.965,4446.055,0.4851
1767693600000,2026-01-06,10:00:00,4446.085,4448.265,4442.095,4445.048,0.2725
1767693900000,2026-01-06,10:05:00,4445.048,4449.545,4444.938,4449.545,0.16
1767694200000,2026-01-06,10:10:00,4449.545,4452.065,4448.575,4449.905,0.1579
1767694500000,2026-01-06,10:15:00,4449.875,4452.268,4449.555,4451.838,0.1162
1767694800000,2026-01-06,10:20:00,4451.865,4451.928,4448.378,4449.698,0.1609
1767695100000,2026-01-06,10:25:00,4449.698,4450.258,4448.275,4449.798,0.1181
1767695400000,2026-01-06,10:30:00,4449.838,4453.195,4448.098,4450.919,0.2332
1767695700000,2026-01-06,10:35:00,4450.949,4455.549,4450.705,4453.539,0.2904
1767696000000,2026-01-06,10:40:00,4453.489,4454.109,4448.899,4450.679,0.4672
1767696300000,2026-01-06,10:45:00,4450.709,4451.508,4448.908,4450.738,0.2468
1767696600000,2026-01-06,10:50:00,4450.738,4451.505,4449.598,4451.205,0.2454
1767696900000,2026-01-06,10:55:00,4451.185,4452.855,4451.015,4451.455,0.1189
1767697200000,2026-01-06,11:00:00,4451.425,4452.915,4450.825,4452.015,0.1078
1767697500000,2026-01-06,11:05:00,4451.985,4452.055,4449.515,4451.105,0.1213
1767697800000,2026-01-06,11:10:00,4451.105,4452.025,4450.375,4450.455,0.1032
1767698100000,2026-01-06,11:15:00,4450.455,4450.755,4448.285,4450.139,0.1478
1767698400000,2026-01-06,11:20:00,4450.139,4453.398,4449.785,4453.298,0.3536
1767698700000,2026-01-06,11:25:00,4453.398,4455.405,4451.798,4455.185,0.2856
1767699000000,2026-01-06,11:30:00,4455.185,4460.448,4454.505,4460.178,0.2286
1767699300000,2026-01-06,11:35:00,4460.148,4462.148,4458.798,4459.178,0.2841
1767699600000,2026-01-06,11:40:00,4459.229,4461.848,4457.348,4461.848,0.1982
1767699900000,2026-01-06,11:45:00,4461.809,4462.048,4459.455,4460.048,0.365
1767700200000,2026-01-06,11:50:00,4460.049,4462.649,4459.438,4462.298,0.2717
1767700500000,2026-01-06,11:55:00,4462.298,4464.198,4461.998,4462.948,0.2658
1767700800000,2026-01-06,12:00:00,4463.048,4464.375,4461.348,4461.589,0.4922
1767701100000,2026-01-06,12:05:00,4461.599,4463.949,4461.585,4462.909,0.3182
1767701400000,2026-01-06,12:10:00,4462.908,4463.175,4461.549,4461.858,0.2214
1767701700000,2026-01-06,12:15:00,4461.858,4464.359,4461.218,4461.218,0.363
1767702000000,2026-01-06,12:20:00,4461.228,4465.315,4461.118,4464.775,0.2685
1767702300000,2026-01-06,12:25:00,4464.775,4465.395,4462.815,4464.098,0.1575
1767702600000,2026-01-06,12:30:00,4464.148,4466.065,4460.358,4460.548,0.2588
1767702900000,2026-01-06,12:35:00,4460.579,4462.149,4459.369,4459.999,0.544
1767703200000,2026-01-06,12:40:00,4459.959,4461.699,4458.478,4461.639,0.6179
1767703500000,2026-01-06,12:45:00,4461.609,4462.498,4459.969,4460.045,0.3253
1767703800000,2026-01-06,12:50:00,4460.119,4462.325,4459.255,4462.215,0.1105
1767704100000,2026-01-06,12:55:00,4462.185,4464.615,4461.755,4463.365,0.0961
1767704400000,2026-01-06,13:00:00,4463.345,4465.555,4459.405,4464.059,0.3046
1767704700000,2026-01-06,13:05:00,4464.015,4464.665,4460.715,4464.249,0.4309
1767705000000,2026-01-06,13:10:00,4464.265,4467.769,4464.199,4465.159,0.7107
1767705300000,2026-01-06,13:15:00,4465.189,4470.175,4464.735,4468.445,0.2593
1767705600000,2026-01-06,13:20:00,4468.105,4468.175,4459.245,4459.425,0.3529
1767705900000,2026-01-06,13:25:00,4459.459,4461.079,4457.125,4458.835,0.7967
1767706200000,2026-01-06,13:30:00,4458.875,4461.238,4455.165,4457.999,0.5047
1767706500000,2026-01-06,13:35:00,4457.999,4460.295,4455.419,4458.585,0.4268
1767706800000,2026-01-06,13:40:00,4458.655,4461.875,4458.625,4460.835,0.1948
1767707100000,2026-01-06,13:45:00,4460.815,4463.575,4456.495,4457.825,0.386
1767707400000,2026-01-06,13:50:00,4457.795,4465.005,4453.535,4464.855,0.2774
1767707700000,2026-01-06,13:55:00,4464.835,4468.095,4464.835,4467.695,0.2853
1767708000000,2026-01-06,14:00:00,4467.735,4471.125,4467.109,4467.205,0.2563
1767708300000,2026-01-06,14:05:00,4467.235,4472.255,4466.025,4470.995,0.4347
1767708600000,2026-01-06,14:10:00,4470.959,4472.148,4469.398,4471.488,0.2871
1767708900000,2026-01-06,14:15:00,4471.305,4472.998,4466.398,4466.868,0.3993
1767709200000,2026-01-06,14:20:00,4466.868,4468.505,4464.165,4466.098,0.333
1767709500000,2026-01-06,14:25:00,4466.098,4468.098,4464.655,4466.445,0.3034
1767709800000,2026-01-06,14:30:00,4466.485,4478.748,4464.885,4478.648,0.5439
1767710100000,2026-01-06,14:35:00,4478.648,4482.738,4476.425,4478.875,0.4645
1767710400000,2026-01-06,14:40:00,4478.885,4482.848,4475.945,4479.045,0.3036
1767710700000,2026-01-06,14:45:00,4479.045,4485.548,4479.045,4481.775,0.5038
1767711000000,2026-01-06,14:50:00,4481.845,4487.798,4479.675,4487.648,0.3857
1767711300000,2026-01-06,14:55:00,4487.568,4489.448,4485.775,4487.425,0.3936
1767711600000,2026-01-06,15:00:00,4487.255,4490.615,4482.895,4484.355,0.4164
1767711900000,2026-01-06,15:05:00,4484.465,4488.475,4481.845,4486.815,0.4323
1767712200000,2026-01-06,15:10:00,4486.915,4487.345,4478.795,4479.835,0.4032
1767712500000,2026-01-06,15:15:00,4479.835,4482.978,4474.075,4474.145,0.7309
1767712800000,2026-01-06,15:20:00,4474.075,4478.748,4473.485,4476.315,0.446
1767713100000,2026-01-06,15:25:00,4476.315,4481.485,4475.838,4480.579,0.4503
1767713400000,2026-01-06,15:30:00,4480.579,4481.605,4466.035,4469.508,0.5372
1767713700000,2026-01-06,15:35:00,4469.508,4472.345,4462.955,4470.505,0.7981
1767714000000,2026-01-06,15:40:00,4470.485,4476.045,4470.205,4475.258,0.3696
1767714300000,2026-01-06,15:45:00,4475.258,4479.135,4471.145,4477.985,0.3681
1767714600000,2026-01-06,15:50:00,4477.925,4478.835,4474.325,4477.265,0.289
1767714900000,2026-01-06,15:55:00,4477.245,4479.525,4472.685,4478.025,0.3111
1767715200000,2026-01-06,16:00:00,4477.978,4482.848,4476.558,4476.575,0.5259
1767715500000,2026-01-06,16:05:00,4476.735,4477.065,4471.178,4473.998,0.2939
1767715800000,2026-01-06,16:10:00,4474.025,4478.528,4472.708,4478.485,0.255
1767716100000,2026-01-06,16:15:00,4478.498,4480.905,4477.355,4479.568,0.2763
1767716400000,2026-01-06,16:20:00,4479.555,4482.948,4479.498,4481.598,0.2918
1767716700000,2026-01-06,16:25:00,4481.598,4485.105,4481.585,4483.165,0.2592
1767717000000,2026-01-06,16:30:00,4483.125,4485.685,4482.205,4485.375,0.2091
1767717300000,2026-01-06,16:35:00,4485.375,4487.635,4483.375,4486.525,0.2259
1767717600000,2026-01-06,16:40:00,4486.535,4488.575,4484.055,4487.825,0.2902
1767717900000,2026-01-06,16:45:00,4487.805,4487.805,4484.065,4485.185,0.3349
1767718200000,2026-01-06,16:50:00,4485.148,4487.385,4483.958,4486.125,0.2467
1767718500000,2026-01-06,16:55:00,4486.165,4488.555,4484.315,4487.915,0.2075
1767718800000,2026-01-06,17:00:00,4487.945,4489.135,4483.925,4488.465,0.2919
1767719100000,2026-01-06,17:05:00,4488.475,4489.975,4485.715,4487.965,0.2493
1767719400000,2026-01-06,17:10:00,4488.025,4488.775,4486.105,4488.125,0.1977
1767719700000,2026-01-06,17:15:00,4488.085,4489.905,4487.308,4488.338,0.2073
1767720000000,2026-01-06,17:20:00,4488.255,4489.265,4486.815,4488.758,0.2561
1767720300000,2026-01-06,17:25:00,4488.758,4488.835,4485.725,4486.805,0.1609
1767720600000,2026-01-06,17:30:00,4486.775,4489.185,4486.165,4488.575,0.1778
1767720900000,2026-01-06,17:35:00,4488.605,4489.595,4485.445,4486.325,0.1631
1767721200000,2026-01-06,17:40:00,4486.315,4486.895,4481.345,4483.625,0.2495
1767721500000,2026-01-06,17:45:00,4483.675,4485.935,4482.975,4485.475,0.1814
1767721800000,2026-01-06,17:50:00,4485.615,4490.085,4484.135,4489.995,0.2066
1767722100000,2026-01-06,17:55:00,4489.995,4491.248,4488.195,4489.148,0.269
1767722400000,2026-01-06,18:00:00,4489.098,4489.648,4485.945,4488.285,0.2424
1767722700000,2026-01-06,18:05:00,4488.335,4489.165,4487.205,4489.055,0.3753
1767723000000,2026-01-06,18:10:00,4489.075,4491.308,4488.985,4490.875,0.3594
1767723300000,2026-01-06,18:15:00,4490.835,4493.775,4489.985,4490.545,0.2901
1767723600000,2026-01-06,18:20:00,4490.745,4492.665,4487.148,4488.085,0.6452
1767723900000,2026-01-06,18:25:00,4488.165,4489.648,4483.955,4485.558,0.5943
1767724200000,2026-01-06,18:30:00,4485.538,4487.545,4481.728,4483.775,0.5673
1767724500000,2026-01-06,18:35:00,4483.765,4485.848,4483.268,4485.148,0.4802
1767724800000,2026-01-06,18:40:00,4485.165,4486.915,4484.638,4485.905,0.2133
1767725100000,2026-01-06,18:45:00,4485.898,4488.425,4485.875,4488.398,0.1494
1767725400000,2026-01-06,18:50:00,4488.278,4490.098,4486.895,4487.518,0.1515
1767725700000,2026-01-06,18:55:00,4487.518,4489.135,4487.088,4488.215,0.1307
1767726000000,2026-01-06,19:00:00,4488.245,4489.165,4484.575,4485.515,0.2082
1767726300000,2026-01-06,19:05:00,4485.475,4486.095,4482.648,4483.505,0.328
1767726600000,2026-01-06,19:10:00,4483.505,4484.375,4481.528,4481.905,0.4248
1767726900000,2026-01-06,19:15:00,4481.985,4482.335,4477.195,4481.925,0.4515
1767727200000,2026-01-06,19:20:00,4481.825,4484.455,4481.135,4482.205,0.3544
1767727500000,2026-01-06,19:25:00,4482.225,4483.535,4480.325,4480.675,0.3229
1767727800000,2026-01-06,19:30:00,4480.695,4481.275,4477.575,4478.385,0.2974
1767728100000,2026-01-06,19:35:00,4478.425,4482.028,4477.258,4481.905,0.3219
1767728400000,2026-01-06,19:40:00,4481.875,4483.385,4481.005,4481.295,0.2786
1767728700000,2026-01-06,19:45:00,4481.375,4483.505,4481.155,4482.365,0.2797
1767729000000,2026-01-06,19:50:00,4482.355,4482.615,4478.865,4481.055,0.3671
1767729300000,2026-01-06,19:55:00,4481.045,4482.435,4480.035,4481.195,0.3109
1767729600000,2026-01-06,20:00:00,4481.155,4483.715,4480.135,4483.715,0.9571
1767729900000,2026-01-06,20:05:00,4483.635,4484.195,4481.655,4483.555,0.1968
1767730200000,2026-01-06,20:10:00,4483.525,4486.625,4482.715,4485.115,0.1885
1767730500000,2026-01-06,20:15:00,4485.115,4487.098,4484.935,4486.725,0.1384
1767730800000,2026-01-06,20:20:00,4486.745,4487.565,4485.895,4486.145,0.1434
1767731100000,2026-01-06,20:25:00,4486.175,4487.425,4484.425,4485.315,0.1766
1767731400000,2026-01-06,20:30:00,4485.295,4485.445,4483.575,4485.045,0.2388
1767731700000,2026-01-06,20:35:00,4485.045,4487.145,4483.695,4486.395,0.1699
1767732000000,2026-01-06,20:40:00,4486.395,4489.935,4486.395,4489.475,0.3189
1767732300000,2026-01-06,20:45:00,4489.505,4491.098,4489.098,4489.599,0.2936
1767732600000,2026-01-06,20:50:00,4489.599,4490.109,4488.298,4490.098,0.4444
1767732900000,2026-01-06,20:55:00,4489.989,4496.498,4489.145,4493.448,0.5051
1767733200000,2026-01-06,21:00:00,4493.448,4494.098,4491.769,4492.798,0.2504
1767733500000,2026-01-06,21:05:00,4492.898,4494.398,4492.048,4493.448,0.0977
1767733800000,2026-01-06,21:10:00,4493.448,4493.748,4491.548,4491.648,0.0792
1767734100000,2026-01-06,21:15:00,4491.648,4493.198,4491.648,4492.248,0.0599
1767734400000,2026-01-06,21:20:00,4492.248,4493.448,4491.845,4492.848,0.0487
1767734700000,2026-01-06,21:25:00,4492.848,4494.298,4492.448,4493.698,0.0561
1767735000000,2026-01-06,21:30:00,4493.745,4495.398,4493.598,4495.198,0.0693
1767735300000,2026-01-06,21:35:00,4495.298,4496.448,4494.888,4496.448,0.1072
1767735600000,2026-01-06,21:40:00,4496.448,4496.748,4495.708,4495.898,0.0615
1767735900000,2026-01-06,21:45:00,4495.858,4497.048,4495.598,4496.948,0.0783
1767736200000,2026-01-06,21:50:00,4496.948,4497.048,4493.948,4494.848,0.0773
1767736500000,2026-01-06,21:55:00,4494.848,4495.148,4493.185,4493.185,0.0569
1767740400000,2026-01-06,23:00:00,4494.298,4498.498,4494.298,4498.048,0.0607
1767740700000,2026-01-06,23:05:00,4498.148,4499.098,4497.548,4497.998,0.0525
1767741000000,2026-01-06,23:10:00,4497.998,4498.198,4494.385,4497.265,0.0829
1767741300000,2026-01-06,23:15:00,4497.305,4498.895,4496.648,4498.385,0.0816
1767741600000,2026-01-06,23:20:00,4498.348,4499.798,4497.575,4499.548,0.0713
1767741900000,2026-01-06,23:25:00,4499.525,4500.348,4498.075,4498.198,0.0898
1767742200000,2026-01-06,23:30:00,4498.135,4499.355,4497.665,4498.705,0.0438
1767742500000,2026-01-06,23:35:00,4498.725,4499.195,4496.015,4496.225,0.0384
1767742800000,2026-01-06,23:40:00,4496.255,4496.255,4494.755,4495.125,0.0579
1767743100000,2026-01-06,23:45:00,4495.095,4495.665,4492.865,4493.355,0.0825
1767743400000,2026-01-06,23:50:00,4493.475,4496.035,4491.935,4495.795,0.087
1767743700000,2026-01-06,23:55:00,4495.825,4496.005,4492.305,4493.235,0.0911
1767744000000,2026-01-07,00:00:00,4493.185,4493.925,4490.045,4492.765,0.0974
1767744300000,2026-01-07,00:05:00,4492.745,4492.825,4490.785,4491.925,0.0645
1767744600000,2026-01-07,00:10:00,4491.915,4494.105,4491.825,4492.935,0.0816
1767744900000,2026-01-07,00:15:00,4492.975,4493.235,4489.405,4490.145,0.0813
1767745200000,2026-01-07,00:20:00,4490.185,4492.815,4489.975,4491.065,0.0595
1767745500000,2026-01-07,00:25:00,4491.085,4491.575,4490.005,4490.875,0.0734
1767745800000,2026-01-07,00:30:00,4491.105,4493.455,4489.815,4493.405,0.1085
1767746100000,2026-01-07,00:35:00,4493.445,4494.475,4487.845,4489.525,0.125
1767746400000,2026-01-07,00:40:00,4489.505,4492.105,4488.585,4489.555,0.1056
1767746700000,2026-01-07,00:45:00,4489.538,4491.235,4487.568,4489.735,0.1265
1767747000000,2026-01-07,00:50:00,4489.765,4489.935,4481.999,4485.135,0.3384
1767747300000,2026-01-07,00:55:00,4485.085,4491.945,4484.705,4491.735,0.1525
1767747600000,2026-01-07,01:00:00,4491.695,4495.595,4480.048,4482.925,0.4738
1767747900000,2026-01-07,01:05:00,4482.905,4483.215,4471.615,4475.605,0.3931
1767748200000,2026-01-07,01:10:00,4475.525,4478.305,4468.945,4470.765,0.3085
1767748500000,2026-01-07,01:15:00,4470.735,4476.605,4470.525,4472.475,0.2697
1767748800000,2026-01-07,01:20:00,4472.465,4477.725,4470.895,4476.055,0.2944
1767749100000,2026-01-07,01:25:00,4475.885,4478.705,4473.275,4476.865,0.2247
1767749400000,2026-01-07,01:30:00,4476.885,4477.565,4465.845,4466.425,0.2535
1767749700000,2026-01-07,01:35:00,4466.395,4470.548,4464.568,4470.348,0.4338
1767750000000,2026-01-07,01:40:00,4470.548,4472.505,4467.075,4468.075,0.3818
1767750300000,2026-01-07,01:45:00,4468.095,4470.185,4464.658,4464.865,0.2481
1767750600000,2026-01-07,01:50:00,4464.845,4470.195,4464.715,4469.695,0.2011
1767750900000,2026-01-07,01:55:00,4469.628,4469.628,4460.625,4465.275,0.3415
1767751200000,2026-01-07,02:00:00,4465.255,4466.919,4459.308,4466.899,0.3716
1767751500000,2026-01-07,02:05:00,4466.899,4470.505,4465.848,4470.325,0.4568
1767751800000,2026-01-07,02:10:00,4470.365,4475.065,4469.998,4472.075,0.399
1767752100000,2026-01-07,02:15:00,4472.035,4474.915,4470.795,4471.565,0.173
1767752400000,2026-01-07,02:20:00,4471.525,4471.525,4468.855,4469.659,0.3455
1767752700000,2026-01-07,02:25:00,4469.589,4474.635,4468.009,4473.545,0.1687
1767753000000,2026-01-07,02:30:00,4473.525,4477.655,4473.215,4474.775,0.2357
1767753300000,2026-01-07,02:35:00,4474.725,4477.665,4473.795,4476.455,0.2474
1767753600000,2026-01-07,02:40:00,4476.505,4478.085,4475.148,4475.548,0.1798
1767753900000,2026-01-07,02:45:00,4475.548,4477.248,4473.455,4476.855,0.1933
1767754200000,2026-01-07,02:50:00,4476.805,4478.405,4474.765,4478.025,0.1632
1767754500000,2026-01-07,02:55:00,4478.015,4478.375,4473.975,4474.255,0.155
1767754800000,2026-01-07,03:00:00,4474.305,4476.475,4472.855,4475.205,0.1594
1767755100000,2026-01-07,03:05:00,4475.125,4476.125,4472.895,4475.695,0.1897
1767755400000,2026-01-07,03:10:00,4476.135,4476.835,4471.365,4474.395,0.1527
1767755700000,2026-01-07,03:15:00,4474.455,4479.965,4472.405,4479.535,0.2085
1767756000000,2026-01-07,03:20:00,4479.575,4479.935,4476.325,4478.865,0.1761
1767756300000,2026-01-07,03:25:00,4478.845,4479.255,4475.995,4476.105,0.1809
1767756600000,2026-01-07,03:30:00,4476.135,4477.475,4475.298,4476.435,0.0983
1767756900000,2026-01-07,03:35:00,4476.395,4478.625,4475.885,4477.365,0.1414
1767757200000,2026-01-07,03:40:00,4477.385,4478.505,4476.655,4478.075,0.1035
1767757500000,2026-01-07,03:45:00,4478.055,4478.145,4476.175,4476.695,0.1934
1767757800000,2026-01-07,03:50:00,4476.795,4477.055,4473.705,4475.795,0.1266
1767758100000,2026-01-07,03:55:00,4475.825,4476.465,4473.445,4474.505,0.1367
1767758400000,2026-01-07,04:00:00,4474.525,4475.755,4472.275,4472.975,0.1292
1767758700000,2026-01-07,04:05:00,4472.775,4473.415,4470.019,4471.218,0.166
1767759000000,2026-01-07,04:10:00,4471.228,4472.288,4468.925,4470.165,0.194
1767759300000,2026-01-07,04:15:00,4470.138,4471.609,4466.889,4468.145,0.1801
1767759600000,2026-01-07,04:20:00,4468.199,4470.405,4466.209,4468.815,0.1206
1767759900000,2026-01-07,04:25:00,4468.775,4470.705,4465.665,4465.825,0.1237
1767760200000,2026-01-07,04:30:00,4465.785,4467.255,4463.495,4467.075,0.1621
1767760500000,2026-01-07,04:35:00,4467.055,4468.229,4463.215,4463.219,0.137
1767760800000,2026-01-07,04:40:00,4463.219,4468.065,4463.165,4464.899,0.1836
1767761100000,2026-01-07,04:45:00,4464.899,4466.725,4463.595,4466.035,0.1398
1767761400000,2026-01-07,04:50:00,4466.015,4466.935,4463.725,4464.315,0.089
1767761700000,2026-01-07,04:55:00,4464.865,4465.135,4463.515,4464.515,0.1118
1767762000000,2026-01-07,05:00:00,4464.495,4464.985,4463.135,4463.645,0.1156
1767762300000,2026-01-07,05:05:00,4463.485,4466.678,4461.695,4466.025,0.1444
1767762600000,2026-01-07,05:10:00,4465.948,4466.648,4464.765,4465.605,0.1582
1767762900000,2026-01-07,05:15:00,4465.635,4469.245,4465.015,4467.945,0.1778
1767763200000,2026-01-07,05:20:00,4467.915,4469.595,4467.085,4469.425,0.1038
1767763500000,2026-01-07,05:25:00,4469.485,4470.155,4467.009,4468.295,0.1108
1767763800000,2026-01-07,05:30:00,4468.275,4469.005,4452.675,4453.475,0.3651
1767764100000,2026-01-07,05:35:00,4453.525,4456.925,4451.225,4452.835,0.2255
1767764400000,2026-01-07,05:40:00,4452.855,4453.729,4448.395,4452.159,0.3233
1767764700000,2026-01-07,05:45:00,4452.119,4452.185,4442.935,4447.705,0.3096
1767765000000,2026-01-07,05:50:00,4447.725,4449.435,4445.875,4447.465,0.2621
1767765300000,2026-01-07,05:55:00,4447.435,4454.195,4446.215,4453.975,0.1919
1767765600000,2026-01-07,06:00:00,4453.975,4456.615,4452.575,4456.185,0.1894
1767765900000,2026-01-07,06:05:00,4456.205,4458.905,4456.035,4457.445,0.1586
1767766200000,2026-01-07,06:10:00,4457.515,4458.675,4454.925,4455.805,0.1764
1767766500000,2026-01-07,06:15:00,4455.825,4459.685,4455.735,4458.695,0.2985
1767766800000,2026-01-07,06:20:00,4458.685,4460.105,4454.185,4454.805,0.1696
1767767100000,2026-01-07,06:25:00,4454.765,4456.175,4451.935,4454.705,0.1431
1767767400000,2026-01-07,06:30:00,4454.725,4455.275,4448.795,4450.925,0.1538
1767767700000,2026-01-07,06:35:00,4450.895,4450.915,4443.385,4450.155,0.4085
1767768000000,2026-01-07,06:40:00,4450.055,4451.965,4445.915,4446.375,0.1863
1767768300000,2026-01-07,06:45:00,4446.315,4448.635,4441.248,4445.935,0.2447
1767768600000,2026-01-07,06:50:00,4445.935,4450.735,4444.998,4445.795,0.1944
1767768900000,2026-01-07,06:55:00,4445.788,4446.148,4442.315,4443.798,0.1731
1767769200000,2026-01-07,07:00:00,4443.798,4447.565,4441.375,4447.485,0.1866
1767769500000,2026-01-07,07:05:00,4447.485,4449.455,4446.805,4448.945,0.1721
1767769800000,2026-01-07,07:10:00,4448.945,4450.655,4447.715,4450.055,0.1211
1767770100000,2026-01-07,07:15:00,4450.045,4451.175,4448.085,4450.815,0.135
1767770400000,2026-01-07,07:20:00,4450.785,4452.695,4450.035,4451.475,0.1573
1767770700000,2026-01-07,07:25:00,4451.455,4454.695,4451.375,4454.655,0.1229
1767771000000,2026-01-07,07:30:00,4454.675,4455.715,4453.355,4455.335,0.1111
1767771300000,2026-01-07,07:35:00,4455.375,4459.605,4454.755,4458.815,0.1364
1767771600000,2026-01-07,07:40:00,4458.755,4459.845,4456.309,4458.665,0.1819
1767771900000,2026-01-07,07:45:00,4458.665,4464.055,4458.325,4461.665,0.1371
1767772200000,2026-01-07,07:50:00,4461.705,4464.625,4459.905,4463.115,0.1211
1767772500000,2026-01-07,07:55:00,4463.145,4463.205,4460.649,4460.935,0.0901
1767772800000,2026-01-07,08:00:00,4460.785,4463.225,4460.325,4463.105,0.1262
1767773100000,2026-01-07,08:05:00,4463.085,4465.585,4459.085,4465.455,0.1548
1767773400000,2026-01-07,08:10:00,4465.505,4466.265,4462.535,4465.565,0.1077
1767773700000,2026-01-07,08:15:00,4465.595,4467.805,4464.625,4465.845,0.1108
1767774000000,2026-01-07,08:20:00,4465.905,4468.485,4465.165,4466.175,0.1168
1767774300000,2026-01-07,08:25:00,4466.298,4466.405,4463.505,4464.995,0.11
1767774600000,2026-01-07,08:30:00,4465.025,4467.598,4463.855,4466.998,0.1049
1767774900000,2026-01-07,08:35:00,4466.998,4472.305,4466.048,4471.285,0.1374
1767775200000,2026-01-07,08:40:00,4471.285,4474.648,4466.445,4466.475,0.1801
1767775500000,2026-01-07,08:45:00,4466.405,4470.155,4465.258,4468.675,0.1333
1767775800000,2026-01-07,08:50:00,4468.615,4470.465,4467.385,4468.165,0.08
1767776100000,2026-01-07,08:55:00,4468.235,4469.265,4466.745,4468.075,0.1176
1767776400000,2026-01-07,09:00:00,4467.895,4468.415,4463.568,4465.025,0.1971
1767776700000,2026-01-07,09:05:00,4464.985,4465.185,4459.215,4461.095,0.3271
1767777000000,2026-01-07,09:10:00,4461.145,4466.395,4461.075,4465.655,0.3111
1767777300000,2026-01-07,09:15:00,4465.595,4467.135,4463.955,4466.425,0.2036
1767777600000,2026-01-07,09:20:00,4466.415,4466.415,4462.185,4463.815,0.2665
1767777900000,2026-01-07,09:25:00,4463.825,4465.335,4461.545,4462.095,0.2645
1767778200000,2026-01-07,09:30:00,4461.855,4463.715,4461.125,4462.655,0.1882
1767778500000,2026-01-07,09:35:00,4462.725,4464.285,4462.185,4462.645,0.1279
1767778800000,2026-01-07,09:40:00,4462.665,4463.765,4460.695,4461.315,0.2131
1767779100000,2026-01-07,09:45:00,4461.315,4465.035,4459.845,4463.905,0.239
1767779400000,2026-01-07,09:50:00,4463.875,4465.325,4461.735,4465.205,0.2251
1767779700000,2026-01-07,09:55:00,4465.195,4465.445,4462.615,4463.215,0.1787
1767780000000,2026-01-07,10:00:00,4463.165,4463.825,4461.105,4463.465,0.172
1767780300000,2026-01-07,10:05:00,4463.535,4465.465,4462.545,4463.165,0.2793
1767780600000,2026-01-07,10:10:00,4463.195,4464.915,4462.085,4464.595,0.2213
1767780900000,2026-01-07,10:15:00,4464.595,4466.445,4464.395,4464.775,0.245
1767781200000,2026-01-07,10:20:00,4464.725,4465.425,4463.305,4464.195,0.1746
1767781500000,2026-01-07,10:25:00,4464.205,4464.525,4458.495,4459.695,0.284
1767781800000,2026-01-07,10:30:00,4459.695,4464.335,4458.548,4463.445,0.285
1767782100000,2026-01-07,10:35:00,4463.435,4465.405,4463.175,4464.475,0.2119
1767782400000,2026-01-07,10:40:00,4464.455,4467.005,4464.335,4465.725,0.1512
1767782700000,2026-01-07,10:45:00,4465.585,4467.475,4465.415,4466.115,0.0885
1767783000000,2026-01-07,10:50:00,4466.085,4466.805,4464.548,4464.615,0.072
1767783300000,2026-01-07,10:55:00,4464.655,4464.765,4463.485,4464.095,0.0885
1767783600000,2026-01-07,11:00:00,4464.065,4464.745,4461.545,4463.975,0.0956
1767783900000,2026-01-07,11:05:00,4463.945,4464.125,4460.905,4462.185,0.0743
1767784200000,2026-01-07,11:10:00,4462.205,4463.055,4461.065,4461.515,0.0756
1767784500000,2026-01-07,11:15:00,4461.485,4464.015,4460.218,4462.545,0.0814
1767784800000,2026-01-07,11:20:00,4462.465,4462.555,4459.258,4459.458,0.0805
1767785100000,2026-01-07,11:25:00,4459.458,4460.035,4454.945,4458.815,0.1291
1767785400000,2026-01-07,11:30:00,4458.875,4459.935,4454.595,4454.795,0.0859
1767785700000,2026-01-07,11:35:00,4454.775,4455.475,4450.178,4451.215,0.3634
1767786000000,2026-01-07,11:40:00,4451.145,4453.765,4450.155,4450.155,0.3557
1767786300000,2026-01-07,11:45:00,4450.185,4451.955,4448.775,4450.195,0.1423
1767786600000,2026-01-07,11:50:00,4450.175,4454.385,4449.165,4453.655,0.1501
1767786900000,2026-01-07,11:55:00,4453.585,4453.635,4446.255,4447.135,0.1698
1767787200000,2026-01-07,12:00:00,4447.505,4449.935,4445.725,4448.025,0.131
1767787500000,2026-01-07,12:05:00,4448.505,4448.875,4444.965,4446.065,0.1713
1767787800000,2026-01-07,12:10:00,4445.705,4446.275,4443.245,4445.425,0.1425
1767788100000,2026-01-07,12:15:00,4445.395,4447.875,4440.105,4442.055,0.1767
1767788400000,2026-01-07,12:20:00,4442.105,4447.575,4439.135,4447.095,0.1847
1767788700000,2026-01-07,12:25:00,4447.225,4450.255,4443.535,4449.845,0.2588
1767789000000,2026-01-07,12:30:00,4449.795,4454.455,4449.165,4453.025,0.2154
1767789300000,2026-01-07,12:35:00,4453.065,4454.805,4450.965,4451.335,0.1348
1767789600000,2026-01-07,12:40:00,4451.365,4453.725,4449.468,4449.488,0.2474
1767789900000,2026-01-07,12:45:00,4449.558,4453.399,4449.019,4452.899,0.6468
1767790200000,2026-01-07,12:50:00,4452.868,4453.379,4448.265,4448.265,0.2279
1767790500000,2026-01-07,12:55:00,4448.265,4448.685,4444.685,4444.685,0.1744
1767790800000,2026-01-07,13:00:00,4444.609,4449.765,4443.205,4445.495,0.3201
1767791100000,2026-01-07,13:05:00,4445.525,4446.615,4428.815,4429.615,0.3928
1767791400000,2026-01-07,13:10:00,4429.585,4435.845,4427.505,4432.848,0.5008
1767791700000,2026-01-07,13:15:00,4432.848,4438.898,4429.735,4433.695,0.2591
1767792000000,2026-01-07,13:20:00,4433.675,4443.405,4432.325,4441.995,0.2648
1767792300000,2026-01-07,13:25:00,4441.995,4447.065,4440.365,4441.865,0.251
1767792600000,2026-01-07,13:30:00,4441.915,4446.745,4440.925,4443.225,0.3062
1767792900000,2026-01-07,13:35:00,4443.205,4444.465,4437.995,4443.365,0.3526
1767793200000,2026-01-07,13:40:00,4443.415,4450.545,4441.015,4445.055,0.2508
1767793500000,2026-01-07,13:45:00,4445.098,4449.598,4444.465,4446.755,0.2784
1767793800000,2026-01-07,13:50:00,4446.715,4451.915,4445.715,4448.645,0.2248
1767794100000,2026-01-07,13:55:00,4448.685,4452.895,4446.865,4452.648,0.2201
1767794400000,2026-01-07,14:00:00,4452.655,4454.095,4449.505,4452.335,0.2092
1767794700000,2026-01-07,14:05:00,4452.285,4453.735,4448.215,4448.415,0.2302
1767795000000,2026-01-07,14:10:00,4448.485,4451.525,4446.809,4446.895,0.2543
1767795300000,2026-01-07,14:15:00,4446.889,4453.295,4446.515,4449.535,0.2329
1767795600000,2026-01-07,14:20:00,4449.575,4449.575,4442.718,4445.285,0.2527
1767795900000,2026-01-07,14:25:00,4445.245,4446.265,4442.465,4444.365,0.2064
1767796200000,2026-01-07,14:30:00,4444.239,4450.148,4440.435,4449.245,0.3351
1767796500000,2026-01-07,14:35:00,4449.155,4452.055,4435.485,4440.885,0.298
1767796800000,2026-01-07,14:40:00,4440.845,4445.745,4439.435,4443.935,0.2789
1767797100000,2026-01-07,14:45:00,4444.005,4447.085,4440.615,4442.565,0.29
1767797400000,2026-01-07,14:50:00,4442.595,4449.915,4440.595,4446.435,0.2801
1767797700000,2026-01-07,14:55:00,4446.415,4452.848,4444.055,4444.548,0.4268
1767798000000,2026-01-07,15:00:00,4444.548,4444.548,4437.715,4441.145,0.3092
1767798300000,2026-01-07,15:05:00,4441.475,4444.385,4439.495,4441.139,0.3528
1767798600000,2026-01-07,15:10:00,4441.125,4442.059,4426.305,4426.475,0.3791
1767798900000,2026-01-07,15:15:00,4426.505,4429.885,4423.135,4424.798,0.4067
1767799200000,2026-01-07,15:20:00,4424.798,4432.555,4424.265,4430.485,0.3182
1767799500000,2026-01-07,15:25:00,4430.465,4442.415,4430.465,4442.005,0.2361
1767799800000,2026-01-07,15:30:00,4441.985,4449.795,4441.985,4448.555,0.2852
1767800100000,2026-01-07,15:35:00,4448.595,4452.055,4445.285,4448.275,0.2733
1767800400000,2026-01-07,15:40:00,4448.315,4449.135,4441.655,4441.785,0.2595
1767800700000,2026-01-07,15:45:00,4441.835,4446.295,4440.145,4445.975,0.2267
1767801000000,2026-01-07,15:50:00,4445.995,4447.805,4442.215,4442.625,0.2279
1767801300000,2026-01-07,15:55:00,4442.425,4446.145,4441.635,4445.895,0.2566
1767801600000,2026-01-07,16:00:00,4445.845,4449.215,4445.075,4446.178,0.3306
1767801900000,2026-01-07,16:05:00,4446.015,4448.035,4443.615,4447.215,0.4951
1767802200000,2026-01-07,16:10:00,4447.215,4450.415,4445.785,4446.965,0.5073
1767802500000,2026-01-07,16:15:00,4446.965,4447.965,4444.285,4447.835,0.4732
1767802800000,2026-01-07,16:20:00,4447.785,4460.845,4447.005,4458.455,0.4494
1767803100000,2026-01-07,16:25:00,4458.415,4460.055,4455.545,4457.625,0.4449
1767803400000,2026-01-07,16:30:00,4457.648,4464.765,4456.615,4464.445,0.3259
1767803700000,2026-01-07,16:35:00,4464.605,4465.075,4458.768,4462.705,0.3107
1767804000000,2026-01-07,16:40:00,4462.685,4467.905,4460.535,4467.495,0.2697
1767804300000,2026-01-07,16:45:00,4467.495,4468.075,4463.615,4467.065,0.2937
1767804600000,2026-01-07,16:50:00,4467.105,4467.705,4463.415,4464.545,0.2961
1767804900000,2026-01-07,16:55:00,4464.505,4464.745,4461.705,4463.865,0.336
1767805200000,2026-01-07,17:00:00,4463.875,4465.095,4459.348,4462.855,0.4455
1767805500000,2026-01-07,17:05:00,4462.855,4463.848,4460.065,4460.315,0.353
1767805800000,2026-01-07,17:10:00,4460.335,4461.048,4457.565,4459.898,0.2874
1767806100000,2026-01-07,17:15:00,4459.835,4462.798,4458.798,4461.398,0.2857
1767806400000,2026-01-07,17:20:00,4461.398,4461.635,4459.275,4459.885,0.274
1767806700000,2026-01-07,17:25:00,4459.748,4459.948,4456.898,4458.198,0.2969
1767807000000,2026-01-07,17:30:00,4458.475,4461.148,4457.898,4459.225,0.2577
1767807300000,2026-01-07,17:35:00,4459.195,4460.265,4455.905,4458.665,0.202
1767807600000,2026-01-07,17:40:00,4458.705,4459.455,4455.695,4456.628,0.2636
1767807900000,2026-01-07,17:45:00,4456.628,4459.075,4456.305,4456.815,0.2875
1767808200000,2026-01-07,17:50:00,4456.795,4456.795,4451.835,4454.345,0.1974
1767808500000,2026-01-07,17:55:00,4454.345,4454.485,4449.455,4451.725,0.1962
1767808800000,2026-01-07,18:00:00,4451.685,4452.625,4447.855,4450.325,0.2393
1767809100000,2026-01-07,18:05:00,4450.325,4452.465,4447.785,4449.875,0.2133
1767809400000,2026-01-07,18:10:00,4449.895,4452.575,4448.355,4449.635,0.1991
1767809700000,2026-01-07,18:15:00,4449.675,4450.725,4446.815,4449.835,0.1925
1767810000000,2026-01-07,18:20:00,4450.185,4453.515,4449.399,4451.945,0.2185
1767810300000,2026-01-07,18:25:00,4451.745,4455.565,4451.165,4451.789,0.2221
1767810600000,2026-01-07,18:30:00,4451.805,4456.175,4451.465,4455.875,0.1894
1767810900000,2026-01-07,18:35:00,4455.885,4458.655,4453.975,4458.285,0.1561
1767811200000,2026-01-07,18:40:00,4458.285,4458.455,4455.648,4455.995,0.1564
1767811500000,2026-01-07,18:45:00,4455.995,4456.375,4453.935,4453.965,0.1698
1767811800000,2026-01-07,18:50:00,4453.945,4454.245,4449.855,4452.255,0.1823
1767812100000,2026-01-07,18:55:00,4452.305,4452.725,4450.445,4451.835,0.1484
1767812400000,2026-01-07,19:00:00,4451.865,4455.015,4450.435,4454.785,0.1139
1767812700000,2026-01-07,19:05:00,4454.765,4455.035,4449.315,4450.095,0.1536
1767813000000,2026-01-07,19:10:00,4450.095,4451.195,4447.675,4449.475,0.2519
1767813300000,2026-01-07,19:15:00,4449.435,4449.565,4445.105,4447.935,0.2699
1767813600000,2026-01-07,19:20:00,4447.935,4448.935,4447.175,4448.275,0.1677
1767813900000,2026-01-07,19:25:00,4448.305,4450.855,4446.295,4450.345,0.2838
1767814200000,2026-01-07,19:30:00,4450.345,4457.045,4450.255,4455.315,0.2014
1767814500000,2026-01-07,19:35:00,4455.295,4456.885,4454.085,4454.765,0.1386
1767814800000,2026-01-07,19:40:00,4454.665,4455.165,4452.425,4453.005,0.1363
1767815100000,2026-01-07,19:45:00,4453.055,4453.515,4451.745,4452.835,0.1412
1767815400000,2026-01-07,19:50:00,4452.855,4457.625,4452.145,4457.485,0.1241
1767815700000,2026-01-07,19:55:00,4457.485,4457.915,4456.435,4456.875,0.1858
1767816000000,2026-01-07,20:00:00,4456.835,4459.415,4456.835,4458.485,0.1663
1767816300000,2026-01-07,20:05:00,4458.465,4459.365,4455.465,4455.565,0.2567
1767816600000,2026-01-07,20:10:00,4455.615,4459.205,4455.225,4458.155,0.2809
1767816900000,2026-01-07,20:15:00,4458.155,4461.365,4456.955,4459.675,0.696
1767817200000,2026-01-07,20:20:00,4459.645,4461.015,4458.555,4459.025,0.3358
1767817500000,2026-01-07,20:25:00,4459.025,4459.105,4455.815,4457.975,0.5054
1767817800000,2026-01-07,20:30:00,4458.005,4460.265,4457.215,4458.465,0.1639
1767818100000,2026-01-07,20:35:00,4458.415,4459.055,4456.325,4456.665,0.1814
1767818400000,2026-01-07,20:40:00,4456.705,4460.025,4456.695,4456.715,0.148
1767818700000,2026-01-07,20:45:00,4456.549,4459.045,4456.325,4458.385,0.2016
1767819000000,2026-01-07,20:50:00,4458.485,4459.598,4457.808,4458.515,0.1688
1767819300000,2026-01-07,20:55:00,4458.465,4458.598,4450.325,4451.805,0.2261
1767819600000,2026-01-07,21:00:00,4452.075,4454.385,4449.688,4453.115,0.0976
1767819900000,2026-01-07,21:05:00,4453.075,4453.485,4451.955,4452.775,0.0692
1767820200000,2026-01-07,21:10:00,4452.905,4454.405,4452.685,4453.845,0.0632
1767820500000,2026-01-07,21:15:00,4453.865,4454.405,4453.385,4453.735,0.0424
1767820800000,2026-01-07,21:20:00,4453.705,4455.015,4453.005,4453.395,0.0465
1767821100000,2026-01-07,21:25:00,4453.425,4453.725,4451.735,4452.345,0.0405
1767821400000,2026-01-07,21:30:00,4452.275,4453.535,4452.085,4452.655,0.0326
1767821700000,2026-01-07,21:35:00,4452.675,4454.055,4452.215,4453.795,0.027
1767822000000,2026-01-07,21:40:00,4453.765,4454.245,4452.865,4452.985,0.0363
1767822300000,2026-01-07,21:45:00,4452.965,4453.755,4452.555,4452.775,0.0465
1767822600000,2026-01-07,21:50:00,4452.755,4455.875,4452.565,4455.715,0.0527
1767822900000,2026-01-07,21:55:00,4455.645,4456.505,4454.598,4455.635,0.0549
1767826800000,2026-01-07,23:00:00,4457.498,4462.198,4456.898,4461.348,0.1227
1767827100000,2026-01-07,23:05:00,4461.315,4462.148,4459.398,4459.398,0.0347
1767827400000,2026-01-07,23:10:00,4459.198,4460.225,4458.115,4459.455,0.0463
1767827700000,2026-01-07,23:15:00,4459.495,4461.725,4458.925,4461.705,0.0432
1767828000000,2026-01-07,23:20:00,4461.675,4462.805,4460.295,4461.665,0.0646
1767828300000,2026-01-07,23:25:00,4461.735,4463.735,4461.525,4461.765,0.0567
1767828600000,2026-01-07,23:30:00,4461.745,4462.615,4459.675,4461.185,0.0543
1767828900000,2026-01-07,23:35:00,4461.215,4462.655,4460.275,4461.115,0.0403
1767829200000,2026-01-07,23:40:00,4461.085,4462.235,4460.615,4461.365,0.0384
1767829500000,2026-01-07,23:45:00,4461.305,4462.635,4459.585,4460.925,0.0569
1767829800000,2026-01-07,23:50:00,4460.955,4462.405,4460.635,4461.545,0.0482
1767830100000,2026-01-07,23:55:00,4461.575,4463.565,4461.285,4463.205,0.0364
1767830400000,2026-01-08,00:00:00,4463.145,4465.715,4462.675,4463.655,0.0805
1767830700000,2026-01-08,00:05:00,4463.615,4465.265,4462.235,4464.955,0.0517
1767831000000,2026-01-08,00:10:00,4464.925,4465.565,4464.345,4465.385,0.0479
1767831300000,2026-01-08,00:15:00,4465.345,4466.075,4463.555,4463.715,0.0703
1767831600000,2026-01-08,00:20:00,4463.715,4463.715,4458.215,4458.305,0.2092
1767831900000,2026-01-08,00:25:00,4458.265,4458.295,4453.655,4456.555,0.1938
1767832200000,2026-01-08,00:30:00,4456.585,4458.525,4455.325,4457.535,0.1089
1767832500000,2026-01-08,00:35:00,4457.575,4457.585,4451.145,4453.645,0.6929
1767832800000,2026-01-08,00:40:00,4453.675,4454.445,4449.965,4451.195,0.2496
1767833100000,2026-01-08,00:45:00,4451.125,4451.315,4446.835,4446.985,0.1836
1767833400000,2026-01-08,00:50:00,4446.945,4450.945,4446.395,4450.595,0.1975
1767833700000,2026-01-08,00:55:00,4450.625,4452.045,4449.815,4449.815,0.1584
1767834000000,2026-01-08,01:00:00,4449.835,4454.585,4444.145,4451.515,0.3071
1767834300000,2026-01-08,01:05:00,4451.515,4459.455,4451.495,4458.998,0.3116
1767834600000,2026-01-08,01:10:00,4459.085,4460.025,4455.325,4456.895,0.241
1767834900000,2026-01-08,01:15:00,4456.915,4458.528,4454.475,4457.975,0.2521
1767835200000,2026-01-08,01:20:00,4457.995,4460.025,4456.595,4457.078,0.3627
1767835500000,2026-01-08,01:25:00,4457.048,4458.185,4454.118,4454.638,0.2605
1767835800000,2026-01-08,01:30:00,4454.535,4457.345,4450.355,4451.705,0.2627
1767836100000,2026-01-08,01:35:00,4451.825,4455.595,4450.458,4455.415,0.2445
1767836400000,2026-01-08,01:40:00,4455.445,4456.015,4445.509,4447.248,0.2549
1767836700000,2026-01-08,01:45:00,4447.348,4448.085,4442.805,4447.335,0.2376
1767837000000,2026-01-08,01:50:00,4447.345,4447.445,4443.875,4444.095,0.1853
1767837300000,2026-01-08,01:55:00,4444.245,4448.075,4441.678,4448.065,0.2281
1767837600000,2026-01-08,02:00:00,4448.065,4449.205,4441.805,4442.875,0.3492
1767837900000,2026-01-08,02:05:00,4442.805,4448.145,4440.035,4447.285,0.2036
1767838200000,2026-01-08,02:10:00,4447.285,4448.298,4445.505,4446.275,0.1946
1767838500000,2026-01-08,02:15:00,4446.275,4446.465,4442.545,4442.935,0.1569
1767838800000,2026-01-08,02:20:00,4442.965,4443.345,4440.775,4442.145,0.1974
1767839100000,2026-01-08,02:25:00,4442.065,4443.785,4440.555,4440.935,0.1655
1767839400000,2026-01-08,02:30:00,4440.785,4440.785,4435.225,4436.715,0.3158
1767839700000,2026-01-08,02:35:00,4436.675,4440.005,4433.275,4438.768,0.2974
1767840000000,2026-01-08,02:40:00,4438.778,4442.525,4438.095,4441.595,0.3117
1767840300000,2026-01-08,02:45:00,4441.595,4443.895,4437.018,4437.395,0.3134
1767840600000,2026-01-08,02:50:00,4437.415,4443.195,4437.285,4441.155,0.2472
1767840900000,2026-01-08,02:55:00,4441.155,4443.595,4438.345,4440.975,0.2227
1767841200000,2026-01-08,03:00:00,4440.965,4442.585,4438.835,4441.155,0.1807
1767841500000,2026-01-08,03:05:00,4441.298,4443.905,4438.618,4442.305,0.2836
1767841800000,2026-01-08,03:10:00,4442.455,4445.435,4440.755,4442.465,0.2347
1767842100000,2026-01-08,03:15:00,4442.375,4442.525,4437.005,4441.045,0.2548
1767842400000,2026-01-08,03:20:00,4441.015,4444.525,4440.635,4443.205,0.2485
1767842700000,2026-01-08,03:25:00,4443.205,4445.475,4442.835,4443.888,0.3523
1767843000000,2026-01-08,03:30:00,4443.888,4446.195,4443.215,4443.235,0.2211
1767843300000,2026-01-08,03:35:00,4443.205,4443.205,4439.765,4440.565,0.0693
1767843600000,2026-01-08,03:40:00,4440.635,4442.035,4440.355,4441.835,0.2467
1767843900000,2026-01-08,03:45:00,4441.755,4442.565,4440.585,4441.825,0.1632
1767844200000,2026-01-08,03:50:00,4441.745,4442.415,4439.255,4439.785,0.1612
1767844500000,2026-01-08,03:55:00,4439.805,4440.835,4437.805,4439.925,0.2971
1767844800000,2026-01-08,04:00:00,4439.925,4439.925,4436.845,4437.865,0.3985
1767845100000,2026-01-08,04:05:00,4437.845,4438.645,4436.335,4438.325,0.1108
1767845400000,2026-01-08,04:10:00,4438.295,4440.175,4437.725,4440.055,0.0896
1767845700000,2026-01-08,04:15:00,4440.055,4440.255,4439.075,4440.055,0.0709
1767846000000,2026-01-08,04:20:00,4440.025,4440.035,4436.635,4436.845,0.1013
1767846300000,2026-01-08,04:25:00,4436.865,4439.055,4436.215,4436.298,0.3266
1767846600000,2026-01-08,04:30:00,4436.308,4438.498,4435.255,4438.098,0.1995
1767846900000,2026-01-08,04:35:00,4438.098,4438.098,4434.135,4434.395,0.2528
1767847200000,2026-01-08,04:40:00,4434.278,4435.125,4431.745,4431.765,0.2442
1767847500000,2026-01-08,04:45:00,4431.805,4432.125,4430.095,4431.045,0.2326
1767847800000,2026-01-08,04:50:00,4430.918,4433.005,4429.838,4432.425,0.2161
1767848100000,2026-01-08,04:55:00,4432.435,4432.555,4430.225,4431.275,0.122
1767848400000,2026-01-08,05:00:00,4431.225,4432.105,4429.758,4429.998,0.1626
1767848700000,2026-01-08,05:05:00,4429.998,4430.035,4426.765,4427.545,0.1755
1767849000000,2026-01-08,05:10:00,4427.545,4428.658,4425.575,4427.035,0.201
1767849300000,2026-01-08,05:15:00,4426.995,4427.675,4422.465,4425.975,0.1595
1767849600000,2026-01-08,05:20:00,4426.005,4429.375,4425.198,4428.365,0.1787
1767849900000,2026-01-08,05:25:00,4428.345,4428.515,4423.445,4425.705,0.1788
1767850200000,2026-01-08,05:30:00,4425.665,4426.555,4419.015,4422.975,0.4138
1767850500000,2026-01-08,05:35:00,4422.955,4426.025,4420.105,4424.215,0.3656
1767850800000,2026-01-08,05:40:00,4424.215,4426.235,4415.215,4418.385,0.3647
1767851100000,2026-01-08,05:45:00,4418.465,4422.595,4415.505,4420.655,0.2597
1767851400000,2026-01-08,05:50:00,4420.705,4421.965,4417.665,4418.535,0.2641
1767851700000,2026-01-08,05:55:00,4418.645,4427.625,4418.575,4425.395,0.239
1767852000000,2026-01-08,06:00:00,4425.375,4429.125,4417.825,4418.265,0.2945
1767852300000,2026-01-08,06:05:00,4417.865,4421.395,4415.415,4419.145,0.2709
1767852600000,2026-01-08,06:10:00,4419.085,4422.505,4418.505,4420.585,0.2724
1767852900000,2026-01-08,06:15:00,4420.535,4424.215,4418.245,4421.119,0.3234
1767853200000,2026-01-08,06:20:00,4421.115,4425.435,4418.999,4424.885,0.327
1767853500000,2026-01-08,06:25:00,4424.825,4428.015,4424.798,4425.785,0.2734
1767853800000,2026-01-08,06:30:00,4425.798,4434.915,4425.785,4431.355,0.2145
1767854100000,2026-01-08,06:35:00,4431.885,4437.348,4431.405,4434.369,0.2544
1767854400000,2026-01-08,06:40:00,4434.369,4436.255,4433.545,4435.475,0.213
1767854700000,2026-01-08,06:45:00,4435.505,4435.885,4429.735,4433.255,0.2202
1767855000000,2026-01-08,06:50:00,4433.205,4435.235,4431.825,4434.975,0.2104
1767855300000,2026-01-08,06:55:00,4435.025,4435.675,4432.805,4433.025,0.1781
1767855600000,2026-01-08,07:00:00,4432.995,4435.695,4431.705,4432.355,0.1808
1767855900000,2026-01-08,07:05:00,4432.315,4439.055,4431.855,4437.355,0.1558
1767856200000,2026-01-08,07:10:00,4437.348,4439.448,4435.335,4435.605,0.1854
1767856500000,2026-01-08,07:15:00,4435.535,4435.605,4432.398,4434.255,0.1498
1767856800000,2026-01-08,07:20:00,4434.285,4435.575,4431.698,4433.398,0.1464
1767857100000,2026-01-08,07:25:00,4433.498,4436.685,4430.498,4436.255,0.1781
1767857400000,2026-01-08,07:30:00,4436.325,4436.435,4431.868,4433.585,0.1187
1767857700000,2026-01-08,07:35:00,4433.565,4435.215,4432.448,4432.555,0.0954
1767858000000,2026-01-08,07:40:00,4432.425,4434.525,4430.705,4431.065,0.1099
1767858300000,2026-01-08,07:45:00,4431.008,4432.145,4428.005,4429.025,0.1951
1767858600000,2026-01-08,07:50:00,4429.028,4432.745,4428.165,4432.475,0.1714
1767858900000,2026-01-08,07:55:00,4432.475,4433.725,4430.515,4430.745,0.1575
1767859200000,2026-01-08,08:00:00,4430.725,4431.475,4425.395,4425.395,0.1848
1767859500000,2026-01-08,08:05:00,4425.365,4432.235,4425.295,4432.155,0.1822
1767859800000,2026-01-08,08:10:00,4432.195,4433.175,4425.365,4425.528,0.1428
1767860100000,2026-01-08,08:15:00,4425.528,4430.505,4425.055,4428.765,0.1552
1767860400000,2026-01-08,08:20:00,4428.745,4430.565,4426.995,4427.005,0.1174
1767860700000,2026-01-08,08:25:00,4427.025,4430.015,4426.255,4426.615,0.1076
1767861000000,2026-01-08,08:30:00,4426.585,4428.345,4423.105,4424.045,0.1211
1767861300000,2026-01-08,08:35:00,4424.025,4424.205,4420.208,4420.658,0.4671
1767861600000,2026-01-08,08:40:00,4420.709,4423.625,4419.438,4420.729,0.2975
1767861900000,2026-01-08,08:45:00,4420.965,4423.995,4420.625,4423.935,0.1939
1767862200000,2026-01-08,08:50:00,4423.895,4428.275,4422.325,4427.395,0.1832
1767862500000,2026-01-08,08:55:00,4427.405,4432.765,4425.725,4431.435,0.1838
1767862800000,2026-01-08,09:00:00,4431.239,4435.145,4430.805,4431.095,0.1502
1767863100000,2026-01-08,09:05:00,4431.125,4434.295,4430.605,4432.635,0.1217
1767863400000,2026-01-08,09:10:00,4432.585,4434.825,4430.285,4430.645,0.1289
1767863700000,2026-01-08,09:15:00,4430.605,4431.095,4425.825,4426.195,0.1411
1767864000000,2026-01-08,09:20:00,4426.125,4429.115,4425.835,4427.365,0.126
1767864300000,2026-01-08,09:25:00,4427.375,4430.975,4427.345,4430.235,0.1275
1767864600000,2026-01-08,09:30:00,4430.215,4434.715,4429.655,4434.275,0.1324
1767864900000,2026-01-08,09:35:00,4434.325,4434.365,4431.685,4432.305,0.1087
1767865200000,2026-01-08,09:40:00,4432.355,4434.495,4432.345,4433.045,0.1132
1767865500000,2026-01-08,09:45:00,4432.975,4433.085,4428.805,4430.755,0.1054
1767865800000,2026-01-08,09:50:00,4430.685,4432.045,4430.115,4431.555,0.1016
1767866100000,2026-01-08,09:55:00,4431.545,4433.185,4431.385,4432.405,0.0938
1767866400000,2026-01-08,10:00:00,4432.425,4432.515,4429.885,4429.955,0.1003
1767866700000,2026-01-08,10:05:00,4429.765,4430.015,4427.675,4428.385,0.1136
1767867000000,2026-01-08,10:10:00,4428.355,4429.815,4427.455,4429.105,0.1107
1767867300000,2026-01-08,10:15:00,4429.165,4430.475,4424.065,4424.095,0.139
1767867600000,2026-01-08,10:20:00,4424.075,4426.395,4422.755,4425.725,0.1162
1767867900000,2026-01-08,10:25:00,4425.775,4427.255,4423.555,4424.415,0.2678
1767868200000,2026-01-08,10:30:00,4424.385,4431.475,4423.505,4431.065,0.1434
1767868500000,2026-01-08,10:35:00,4431.198,4433.298,4430.215,4431.985,0.0968
1767868800000,2026-01-08,10:40:00,4432.005,4434.615,4431.765,4432.395,0.1125
1767869100000,2026-01-08,10:45:00,4432.375,4432.915,4430.665,4431.145,0.0716
1767869400000,2026-01-08,10:50:00,4431.175,4432.055,4430.145,4430.825,0.0614
1767869700000,2026-01-08,10:55:00,4430.755,4433.648,4429.735,4433.048,0.12
1767870000000,2026-01-08,11:00:00,4433.048,4433.048,4430.665,4431.848,0.115
1767870300000,2026-01-08,11:05:00,4431.815,4432.365,4428.825,4428.958,0.0775
1767870600000,2026-01-08,11:10:00,4428.958,4430.075,4427.255,4428.075,0.0938
1767870900000,2026-01-08,11:15:00,4428.045,4429.245,4426.775,4428.565,0.1494
1767871200000,2026-01-08,11:20:00,4428.535,4428.745,4425.415,4425.485,0.22
1767871500000,2026-01-08,11:25:00,4425.555,4427.798,4424.495,4426.098,0.1574
1767871800000,2026-01-08,11:30:00,4426.055,4427.255,4424.395,4424.648,0.1226
1767872100000,2026-01-08,11:35:00,4424.705,4427.085,4424.545,4427.065,0.0948
1767872400000,2026-01-08,11:40:00,4427.165,4427.985,4425.905,4426.235,0.0938
1767872700000,2026-01-08,11:45:00,4426.215,4427.005,4422.035,4424.535,0.1129
1767873000000,2026-01-08,11:50:00,4424.485,4425.245,4423.035,4423.675,0.0981
1767873300000,2026-01-08,11:55:00,4423.625,4425.055,4421.885,4422.675,0.1047
1767873600000,2026-01-08,12:00:00,4422.735,4422.805,4414.775,4416.805,0.2058
1767873900000,2026-01-08,12:05:00,4416.845,4418.855,4411.898,4418.225,0.2298
1767874200000,2026-01-08,12:10:00,4418.255,4419.295,4411.898,4412.115,0.2598
1767874500000,2026-01-08,12:15:00,4412.105,4414.165,4407.485,4413.635,0.2563
1767874800000,2026-01-08,12:20:00,4413.655,4416.325,4413.245,4415.285,0.1424
1767875100000,2026-01-08,12:25:00,4415.365,4422.225,4412.895,4420.345,0.1623
1767875400000,2026-01-08,12:30:00,4420.315,4425.935,4419.875,4423.725,0.1362
1767875700000,2026-01-08,12:35:00,4423.745,4428.495,4421.875,4427.815,0.1595
1767876000000,2026-01-08,12:40:00,4427.865,4431.055,4426.825,4428.815,0.1658
1767876300000,2026-01-08,12:45:00,4428.795,4430.075,4426.375,4428.395,0.1532
1767876600000,2026-01-08,12:50:00,4428.325,4430.095,4426.505,4427.075,0.1457
1767876900000,2026-01-08,12:55:00,4427.045,4428.625,4426.078,4427.415,0.1634
1767877200000,2026-01-08,13:00:00,4427.375,4429.365,4423.045,4423.545,0.4357
1767877500000,2026-01-08,13:05:00,4423.655,4423.835,4417.955,4418.475,0.5736
1767877800000,2026-01-08,13:10:00,4418.445,4420.725,4417.095,4420.425,1.0487
1767878100000,2026-01-08,13:15:00,4420.265,4427.298,4420.195,4425.485,1.4113
1767878400000,2026-01-08,13:20:00,4425.515,4432.945,4425.515,4431.748,1.5874
1767878700000,2026-01-08,13:25:00,4431.748,4435.605,4430.385,4434.045,0.2606
1767879000000,2026-01-08,13:30:00,4434.095,4434.245,4425.785,4426.825,0.1791
1767879300000,2026-01-08,13:35:00,4426.795,4431.755,4426.795,4428.785,0.1913
1767879600000,2026-01-08,13:40:00,4428.815,4435.445,4425.805,4433.135,0.2144
1767879900000,2026-01-08,13:45:00,4433.115,4433.735,4429.445,4429.515,0.1887
1767880200000,2026-01-08,13:50:00,4429.515,4431.165,4424.455,4424.695,0.1998
1767880500000,2026-01-08,13:55:00,4424.825,4425.455,4421.455,4423.515,0.219
1767880800000,2026-01-08,14:00:00,4423.575,4427.635,4420.735,4423.965,0.2526
1767881100000,2026-01-08,14:05:00,4423.985,4426.875,4418.915,4423.515,0.2614
1767881400000,2026-01-08,14:10:00,4423.545,4427.765,4421.895,4423.065,0.2391
1767881700000,2026-01-08,14:15:00,4423.035,4427.495,4419.085,4427.135,0.2259
1767882000000,2026-01-08,14:20:00,4427.155,4428.745,4420.245,4428.635,0.19
1767882300000,2026-01-08,14:25:00,4428.655,4429.895,4426.275,4427.535,0.1764
1767882600000,2026-01-08,14:30:00,4427.298,4433.115,4421.615,4430.368,0.3255
1767882900000,2026-01-08,14:35:00,4430.635,4435.255,4428.825,4429.115,0.3
1767883200000,2026-01-08,14:40:00,4428.775,4432.055,4424.805,4425.775,0.31
1767883500000,2026-01-08,14:45:00,4425.755,4437.475,4425.605,4436.305,0.3507
1767883800000,2026-01-08,14:50:00,4436.105,4439.185,4430.845,4434.705,0.3442
1767884100000,2026-01-08,14:55:00,4434.708,4436.955,4432.235,4432.755,0.2676
1767884400000,2026-01-08,15:00:00,4432.725,4434.405,4427.615,4434.315,0.275
1767884700000,2026-01-08,15:05:00,4434.055,4444.565,4433.945,4444.378,0.2991
1767885000000,2026-01-08,15:10:00,4444.428,4448.898,4443.525,4447.845,0.3681
1767885300000,2026-01-08,15:15:00,4447.698,4453.698,4446.155,4447.065,0.3581
1767885600000,2026-01-08,15:20:00,4447.135,4450.805,4443.545,4446.935,0.2958
1767885900000,2026-01-08,15:25:00,4446.945,4448.235,4442.965,4447.348,0.2631
1767886200000,2026-01-08,15:30:00,4447.435,4452.948,4446.438,4450.555,0.305
1767886500000,2026-01-08,15:35:00,4450.548,4451.748,4446.615,4449.835,0.233
1767886800000,2026-01-08,15:40:00,4449.865,4455.165,4449.825,4452.835,0.2537
1767887100000,2026-01-08,15:45:00,4453.145,4455.275,4449.525,4454.515,0.232
1767887400000,2026-01-08,15:50:00,4454.495,4456.315,4447.845,4448.025,0.2144
1767887700000,2026-01-08,15:55:00,4448.195,4455.415,4447.325,4454.015,0.2326
1767888000000,2026-01-08,16:00:00,4454.035,4457.815,4452.305,4453.415,0.2302
1767888300000,2026-01-08,16:05:00,4452.975,4454.315,4451.035,4451.455,0.2401
1767888600000,2026-01-08,16:10:00,4451.515,4452.905,4446.905,4446.945,0.255
1767888900000,2026-01-08,16:15:00,4446.895,4451.898,4446.695,4450.398,0.2397
1767889200000,2026-01-08,16:20:00,4450.475,4453.525,4450.245,4452.195,0.2443
1767889500000,2026-01-08,16:25:00,4452.145,4454.955,4451.325,4453.325,0.2569
1767889800000,2026-01-08,16:30:00,4453.305,4461.498,4451.615,4460.598,0.2463
1767890100000,2026-01-08,16:35:00,4460.598,4464.005,4457.855,4462.735,0.4186
1767890400000,2026-01-08,16:40:00,4462.498,4464.255,4459.475,4460.455,0.235
1767890700000,2026-01-08,16:45:00,4460.485,4460.715,4457.425,4458.065,0.2058
1767891000000,2026-01-08,16:50:00,4458.095,4461.195,4458.095,4461.115,0.1968
1767891300000,2026-01-08,16:55:00,4461.095,4464.085,4460.225,4462.935,0.2084
1767891600000,2026-01-08,17:00:00,4462.945,4465.165,4459.935,4461.735,0.1948
1767891900000,2026-01-08,17:05:00,4461.665,4461.695,4457.835,4458.535,0.1518
1767892200000,2026-01-08,17:10:00,4458.515,4461.525,4458.205,4459.705,0.1428
1767892500000,2026-01-08,17:15:00,4459.675,4461.125,4457.275,4460.765,0.1726
1767892800000,2026-01-08,17:20:00,4460.758,4461.325,4458.665,4461.145,0.1857
1767893100000,2026-01-08,17:25:00,4461.145,4462.025,4459.145,4461.405,0.1985
1767893400000,2026-01-08,17:30:00,4461.635,4463.255,4459.375,4459.885,0.1703
1767893700000,2026-01-08,17:35:00,4459.818,4461.615,4458.598,4461.498,0.1297
1767894000000,2026-01-08,17:40:00,4461.435,4462.398,4460.728,4461.045,0.1291
1767894300000,2026-01-08,17:45:00,4461.075,4461.798,4458.885,4459.588,0.1318
1767894600000,2026-01-08,17:50:00,4459.588,4463.425,4459.588,4462.425,0.1339
1767894900000,2026-01-08,17:55:00,4462.455,4463.845,4461.535,4463.165,0.1152
1767895200000,2026-01-08,18:00:00,4463.175,4463.175,4457.125,4457.405,0.2241
1767895500000,2026-01-08,18:05:00,4457.375,4457.835,4454.125,4455.075,0.1788
1767895800000,2026-01-08,18:10:00,4455.095,4455.095,4452.155,4453.545,0.188
1767896100000,2026-01-08,18:15:00,4453.625,4456.275,4452.805,4452.928,0.1986
1767896400000,2026-01-08,18:20:00,4452.928,4454.815,4451.025,4454.455,0.3092
1767896700000,2026-01-08,18:25:00,4454.318,4456.135,4449.095,4451.725,0.2068
1767897000000,2026-01-08,18:30:00,4451.775,4453.375,4451.205,4451.745,0.1584
1767897300000,2026-01-08,18:35:00,4451.715,4451.715,4447.675,4449.075,0.1716
1767897600000,2026-01-08,18:40:00,4449.155,4451.958,4448.755,4451.935,0.1635
1767897900000,2026-01-08,18:45:00,4451.955,4454.808,4451.655,4453.208,0.2031
1767898200000,2026-01-08,18:50:00,4453.225,4453.608,4451.385,4451.445,0.1745
1767898500000,2026-01-08,18:55:00,4451.445,4451.985,4449.048,4449.235,0.1995
1767898800000,2026-01-08,19:00:00,4449.208,4450.975,4448.235,4449.125,0.1916
1767899100000,2026-01-08,19:05:00,4449.125,4450.295,4446.635,4446.795,0.1509
1767899400000,2026-01-08,19:10:00,4447.015,4448.885,4446.705,4446.995,0.1238
1767899700000,2026-01-08,19:15:00,4447.035,4448.435,4444.565,4448.405,0.2135
1767900000000,2026-01-08,19:20:00,4448.385,4449.315,4447.665,4449.035,0.1929
1767900300000,2026-01-08,19:25:00,4449.055,4449.615,4446.628,4447.575,0.1527
1767900600000,2026-01-08,19:30:00,4447.555,4450.775,4447.465,4450.625,0.1435
1767900900000,2026-01-08,19:35:00,4450.595,4452.685,4450.145,4450.925,0.1489
1767901200000,2026-01-08,19:40:00,4450.925,4451.775,4449.695,4451.405,0.1177
1767901500000,2026-01-08,19:45:00,4451.405,4452.775,4450.765,4451.215,0.1205
1767901800000,2026-01-08,19:50:00,4451.215,4451.665,4449.345,4451.525,0.1314
1767902100000,2026-01-08,19:55:00,4451.525,4452.225,4449.425,4451.895,0.0998
1767902400000,2026-01-08,20:00:00,4451.875,4457.835,4451.285,4457.825,0.1371
1767902700000,2026-01-08,20:05:00,4457.865,4458.045,4455.435,4456.735,0.1196
1767903000000,2026-01-08,20:10:00,4456.765,4458.685,4456.765,4458.005,0.1176
1767903300000,2026-01-08,20:15:00,4457.955,4459.895,4457.115,4459.145,0.1733
1767903600000,2026-01-08,20:20:00,4459.175,4465.195,4458.455,4464.645,0.165
1767903900000,2026-01-08,20:25:00,4464.705,4473.595,4464.535,4469.698,0.3332
1767904200000,2026-01-08,20:30:00,4469.955,4477.375,4469.955,4475.935,0.3209
1767904500000,2026-01-08,20:35:00,4475.895,4477.898,4472.835,4473.415,0.2135
1767904800000,2026-01-08,20:40:00,4473.435,4475.035,4471.875,4473.315,0.1613
1767905100000,2026-01-08,20:45:00,4473.215,4477.055,4471.675,4476.985,0.1716
1767905400000,2026-01-08,20:50:00,4476.885,4477.735,4473.995,4474.035,0.2369
1767905700000,2026-01-08,20:55:00,4473.968,4477.305,4473.385,4475.925,0.2524
1767906000000,2026-01-08,21:00:00,4475.835,4479.135,4475.835,4478.235,0.0868
1767906300000,2026-01-08,21:05:00,4478.255,4479.005,4476.875,4478.998,0.0663
1767906600000,2026-01-08,21:10:00,4478.998,4479.398,4477.048,4477.548,0.0796
1767906900000,2026-01-08,21:15:00,4477.548,4478.295,4473.598,4473.698,0.0854
1767907200000,2026-01-08,21:20:00,4473.735,4475.298,4472.458,4474.598,0.1355
1767907500000,2026-01-08,21:25:00,4474.698,4475.035,4472.478,4474.645,0.1172
1767907800000,2026-01-08,21:30:00,4474.645,4475.498,4472.678,4473.298,0.086
1767908100000,2026-01-08,21:35:00,4473.398,4474.398,4472.698,4472.998,0.0803
1767908400000,2026-01-08,21:40:00,4473.098,4475.095,4472.398,4473.945,0.0612
1767908700000,2026-01-08,21:45:00,4473.835,4476.555,4473.525,4476.405,0.0624
1767909000000,2026-01-08,21:50:00,4476.045,4478.395,4475.465,4477.455,0.0457
1767909300000,2026-01-08,21:55:00,4477.475,4478.155,4475.905,4477.555,0.0501
1767913200000,2026-01-08,23:00:00,4478.698,4483.548,4475.409,4476.758,0.1174
1767913500000,2026-01-08,23:05:00,4476.758,4479.548,4475.088,4477.748,0.0892
1767913800000,2026-01-08,23:10:00,4477.748,4478.448,4475.035,4476.655,0.0823
1767914100000,2026-01-08,23:15:00,4476.695,4477.455,4475.025,4475.145,0.0531
1767914400000,2026-01-08,23:20:00,4475.225,4476.155,4474.855,4475.725,0.043
1767914700000,2026-01-08,23:25:00,4475.745,4478.585,4475.465,4476.965,0.0571
1767915000000,2026-01-08,23:30:00,4477.065,4477.265,4475.245,4476.145,0.0363
1767915300000,2026-01-08,23:35:00,4476.175,4476.615,4475.175,4476.385,0.0561
1767915600000,2026-01-08,23:40:00,4476.415,4476.735,4474.998,4475.625,0.0477
1767915900000,2026-01-08,23:45:00,4475.655,4475.695,4472.515,4473.465,0.0508
1767916200000,2026-01-08,23:50:00,4473.545,4476.065,4473.545,4474.305,0.0658
1767916500000,2026-01-08,23:55:00,4474.325,4475.905,4474.145,4475.485,0.0412
1767916800000,2026-01-09,00:00:00,4475.445,4476.675,4473.795,4474.545,0.052
1767917100000,2026-01-09,00:05:00,4474.575,4475.925,4473.765,4475.755,0.0459
1767917400000,2026-01-09,00:10:00,4475.745,4476.305,4471.355,4471.495,0.0525
1767917700000,2026-01-09,00:15:00,4471.465,4472.595,4470.385,4471.585,0.0541
1767918000000,2026-01-09,00:20:00,4471.625,4471.695,4467.535,4468.215,0.0855
1767918300000,2026-01-09,00:25:00,4468.185,4468.185,4463.055,4465.495,0.183
1767918600000,2026-01-09,00:30:00,4465.475,4468.415,4463.635,4468.005,0.105
1767918900000,2026-01-09,00:35:00,4468.025,4468.055,4465.555,4467.005,0.154
1767919200000,2026-01-09,00:40:00,4467.075,4467.765,4466.305,4467.515,0.0715
1767919500000,2026-01-09,00:45:00,4467.545,4467.565,4463.615,4464.045,0.1593
1767919800000,2026-01-09,00:50:00,4464.115,4464.135,4459.548,4461.568,0.3911
1767920100000,2026-01-09,00:55:00,4461.415,4462.798,4459.525,4462.218,0.3142
1767920400000,2026-01-09,01:00:00,4462.238,4465.248,4458.135,4459.745,0.4856
1767920700000,2026-01-09,01:05:00,4459.745,4459.745,4452.685,4458.005,0.268
1767921000000,2026-01-09,01:10:00,4457.975,4459.805,4455.015,4458.915,0.2121
1767921300000,2026-01-09,01:15:00,4458.865,4461.135,4452.635,4452.945,0.2413
1767921600000,2026-01-09,01:20:00,4452.919,4457.595,4452.585,4455.848,0.2893
1767921900000,2026-01-09,01:25:00,4455.848,4459.325,4455.558,4457.155,0.2132
1767922200000,2026-01-09,01:30:00,4457.125,4459.395,4455.725,4459.365,0.1834
1767922500000,2026-01-09,01:35:00,4459.405,4459.785,4455.835,4457.925,0.2582
1767922800000,2026-01-09,01:40:00,4457.725,4463.268,4456.735,4462.315,0.2693
1767923100000,2026-01-09,01:45:00,4462.295,4465.915,4462.245,4464.345,0.2405
1767923400000,2026-01-09,01:50:00,4464.305,4468.235,4462.145,4466.885,0.201
1767923700000,2026-01-09,01:55:00,4467.025,4469.805,4466.975,4468.745,0.1423
1767924000000,2026-01-09,02:00:00,4468.715,4475.695,4468.625,4475.235,0.1764
1767924300000,2026-01-09,02:05:00,4475.255,4476.295,4472.315,4473.935,0.1838
1767924600000,2026-01-09,02:10:00,4473.905,4474.715,4471.038,4471.695,0.168
1767924900000,2026-01-09,02:15:00,4471.725,4472.925,4469.768,4470.375,0.0861
1767925200000,2026-01-09,02:20:00,4470.425,4474.355,4469.975,4472.625,0.0835
1767925500000,2026-01-09,02:25:00,4472.595,4473.315,4470.655,4472.055,0.0667
1767925800000,2026-01-09,02:30:00,4471.995,4475.348,4468.098,4471.365,0.1954
1767926100000,2026-01-09,02:35:00,4471.315,4472.515,4468.145,4468.515,0.1177
1767926400000,2026-01-09,02:40:00,4468.585,4473.655,4468.285,4473.085,0.139
1767926700000,2026-01-09,02:45:00,4473.115,4473.445,4469.545,4470.895,0.1366
1767927000000,2026-01-09,02:50:00,4470.955,4470.985,4465.425,4466.335,0.2025
1767927300000,2026-01-09,02:55:00,4466.355,4470.175,4466.225,4469.305,0.1612
1767927600000,2026-01-09,03:00:00,4469.275,4469.765,4466.145,4466.235,0.1632
1767927900000,2026-01-09,03:05:00,4466.285,4467.015,4464.098,4464.975,0.1987
1767928200000,2026-01-09,03:10:00,4465.145,4465.265,4461.995,4464.125,0.2148
1767928500000,2026-01-09,03:15:00,4464.215,4465.045,4462.4,4464.535,0.1781
1767928800000,2026-01-09,03:20:00,4464.505,4466.175,4460.855,4463.035,0.1726
1767929100000,2026-01-09,03:25:00,4463.005,4464.185,4461.325,4463.195,0.1459
1767929400000,2026-01-09,03:30:00,4463.175,4463.175,4460.215,4462.775,0.1088
1767929700000,2026-01-09,03:35:00,4462.845,4464.985,4462.345,4464.935,0.0717
1767930000000,2026-01-09,03:40:00,4464.885,4465.265,4463.035,4463.595,0.0819
1767930300000,2026-01-09,03:45:00,4463.625,4465.605,4463.625,4465.295,0.0696
1767930600000,2026-01-09,03:50:00,4465.275,4465.315,4463.945,4464.805,0.0695
1767930900000,2026-01-09,03:55:00,4464.825,4465.525,4463.395,4463.905,0.0921
1767931200000,2026-01-09,04:00:00,4463.875,4465.455,4462.255,4463.155,0.1003
1767931500000,2026-01-09,04:05:00,4463.125,4465.225,4463.125,4465.195,0.077
1767931800000,2026-01-09,04:10:00,4465.095,4465.325,4462.318,4462.318,0.0676
1767932100000,2026-01-09,04:15:00,4462.318,4463.475,4460.558,4460.745,0.0817
1767932400000,2026-01-09,04:20:00,4460.745,4463.745,4460.695,4463.615,0.0867
1767932700000,2026-01-09,04:25:00,4463.595,4463.725,4462.515,4462.545,0.0795
1767933000000,2026-01-09,04:30:00,4462.575,4464.015,4461.958,4463.285,0.0809
1767933300000,2026-01-09,04:35:00,4463.265,4464.485,4461.458,4461.695,0.0703
1767933600000,2026-01-09,04:40:00,4461.575,4464.675,4461.575,4463.085,0.0565
1767933900000,2026-01-09,04:45:00,4463.055,4463.125,4462.125,4462.965,0.0562
1767934200000,2026-01-09,04:50:00,4462.945,4464.685,4461.775,4464.145,0.066
1767934500000,2026-01-09,04:55:00,4464.185,4466.785,4464.035,4464.465,0.0536
1767934800000,2026-01-09,05:00:00,4464.445,4466.575,4463.655,4464.825,0.0637
1767935100000,2026-01-09,05:05:00,4464.865,4465.515,4462.825,4463.085,0.0511
1767935400000,2026-01-09,05:10:00,4463.105,4463.555,4461.585,4462.855,0.0499
1767935700000,2026-01-09,05:15:00,4462.935,4463.555,4459.715,4463.298,0.0845
1767936000000,2026-01-09,05:20:00,4463.298,4463.685,4457.985,4458.705,0.087
1767936300000,2026-01-09,05:25:00,4458.675,4464.865,4458.615,4464.425,0.1015
1767936600000,2026-01-09,05:30:00,4464.455,4470.685,4464.295,4470.615,0.192
1767936900000,2026-01-09,05:35:00,4470.665,4471.535,4468.205,4470.175,0.173
1767937200000,2026-01-09,05:40:00,4470.075,4470.585,4465.969,4467.255,0.1317
1767937500000,2026-01-09,05:45:00,4467.195,4468.755,4465.335,4466.025,0.1254
1767937800000,2026-01-09,05:50:00,4466.045,4468.605,4465.715,4468.005,0.1261
1767938100000,2026-01-09,05:55:00,4467.975,4469.248,4466.098,4467.845,0.1829
1767938400000,2026-01-09,06:00:00,4468.335,4470.795,4467.365,4470.035,0.1444
1767938700000,2026-01-09,06:05:00,4469.995,4470.465,4465.965,4467.595,0.1079
1767939000000,2026-01-09,06:10:00,4467.535,4468.485,4465.815,4467.065,0.1285
1767939300000,2026-01-09,06:15:00,4466.965,4469.825,4465.835,4468.085,0.1259
1767939600000,2026-01-09,06:20:00,4468.045,4469.035,4466.155,4467.965,0.1092
1767939900000,2026-01-09,06:25:00,4468.035,4473.415,4467.925,4473.415,0.1396
1767940200000,2026-01-09,06:30:00,4473.315,4475.035,4472.795,4474.385,0.1425
1767940500000,2026-01-09,06:35:00,4474.405,4475.248,4472.855,4474.785,0.1679
1767940800000,2026-01-09,06:40:00,4474.755,4475.535,4473.915,4474.861,0.1083
1767941100000,2026-01-09,06:45:00,4474.903,4477.125,4474.555,4475.355,0.161
1767941400000,2026-01-09,06:50:00,4475.375,4475.945,4473.505,4474.045,0.1768
1767941700000,2026-01-09,06:55:00,4473.975,4474.935,4472.475,4473.805,0.3483
1767942000000,2026-01-09,07:00:00,4473.875,4475.235,4470.948,4474.265,0.1283
1767942300000,2026-01-09,07:05:00,4474.305,4475.105,4473.405,4474.505,0.0652
1767942600000,2026-01-09,07:10:00,4474.525,4474.565,4470.445,4471.135,0.0658
1767942900000,2026-01-09,07:15:00,4471.135,4472.935,4470.585,4472.465,0.0665
1767943200000,2026-01-09,07:20:00,4472.435,4472.825,4469.685,4470.345,0.0847
1767943500000,2026-01-09,07:25:00,4470.305,4471.135,4468.299,4470.145,0.0907
1767943800000,2026-01-09,07:30:00,4470.495,4471.355,4468.935,4469.465,0.0611
1767944100000,2026-01-09,07:35:00,4469.535,4472.275,4468.355,4471.518,0.0749
1767944400000,2026-01-09,07:40:00,4471.528,4472.538,4470.598,4471.315,0.1717
1767944700000,2026-01-09,07:45:00,4471.355,4472.985,4470.645,4471.835,0.0843
1767945000000,2026-01-09,07:50:00,4471.835,4473.345,4469.545,4471.768,0.0895
1767945300000,2026-01-09,07:55:00,4471.715,4472.005,4469.105,4469.935,0.1106
1767945600000,2026-01-09,08:00:00,4470.025,4471.515,4466.145,4469.055,0.1314
1767945900000,2026-01-09,08:05:00,4469.085,4476.475,4468.895,4473.805,0.1356
1767946200000,2026-01-09,08:10:00,4473.975,4476.685,4473.238,4474.005,0.1079
1767946500000,2026-01-09,08:15:00,4474.055,4474.425,4472.095,4473.565,0.1146
1767946800000,2026-01-09,08:20:00,4473.535,4475.105,4473.075,4473.745,0.0885
1767947100000,2026-01-09,08:25:00,4473.655,4475.055,4472.478,4472.868,0.231
1767947400000,2026-01-09,08:30:00,4472.868,4473.469,4469.895,4469.925,0.2624
1767947700000,2026-01-09,08:35:00,4469.869,4469.995,4466.275,4466.465,0.137
1767948000000,2026-01-09,08:40:00,4466.305,4468.115,4465.355,4466.485,0.0972
1767948300000,2026-01-09,08:45:00,4466.505,4467.805,4464.965,4466.755,0.1033
1767948600000,2026-01-09,08:50:00,4466.725,4467.165,4463.905,4466.778,0.1121
1767948900000,2026-01-09,08:55:00,4466.778,4468.475,4466.778,4468.345,0.1024
1767949200000,2026-01-09,09:00:00,4468.295,4470.805,4468.245,4470.555,0.1107
1767949500000,2026-01-09,09:05:00,4470.505,4472.915,4470.185,4471.325,0.1043
1767949800000,2026-01-09,09:10:00,4471.395,4474.795,4471.395,4474.625,0.117
1767950100000,2026-01-09,09:15:00,4474.535,4476.485,4472.995,4475.815,0.0962
1767950400000,2026-01-09,09:20:00,4475.835,4477.445,4474.348,4474.555,0.1064
1767950700000,2026-01-09,09:25:00,4474.415,4475.475,4473.235,4473.725,0.0966
1767951000000,2026-01-09,09:30:00,4473.775,4474.725,4472.205,4472.629,0.1676
1767951300000,2026-01-09,09:35:00,4472.619,4472.935,4471.375,4472.895,0.1184
1767951600000,2026-01-09,09:40:00,4472.935,4473.645,4471.415,4471.495,0.1053
1767951900000,2026-01-09,09:45:00,4471.725,4474.155,4471.565,4473.135,0.0876
1767952200000,2026-01-09,09:50:00,4473.085,4473.085,4470.398,4470.768,0.0766
1767952500000,2026-01-09,09:55:00,4470.778,4472.475,4470.665,4470.815,0.0647
1767952800000,2026-01-09,10:00:00,4470.785,4471.885,4470.145,4470.305,0.0647
1767953100000,2026-01-09,10:05:00,4470.215,4473.655,4469.415,4473.475,0.1406
1767953400000,2026-01-09,10:10:00,4473.455,4473.935,4471.755,4471.805,0.0572
1767953700000,2026-01-09,10:15:00,4471.805,4473.525,4471.365,4473.495,0.0485
1767954000000,2026-01-09,10:20:00,4473.435,4473.615,4471.005,4471.385,0.073
1767954300000,2026-01-09,10:25:00,4471.315,4471.715,4468.665,4468.695,0.0829
1767954600000,2026-01-09,10:30:00,4468.668,4472.128,4467.895,4470.258,0.1709
1767954900000,2026-01-09,10:35:00,4470.248,4470.835,4468.798,4470.135,0.0933
1767955200000,2026-01-09,10:40:00,4470.165,4470.695,4468.825,4468.828,0.2419
1767955500000,2026-01-09,10:45:00,4468.838,4468.838,4466.798,4468.398,0.1477
1767955800000,2026-01-09,10:50:00,4468.328,4471.348,4467.698,4471.348,0.0833
1767956100000,2026-01-09,10:55:00,4471.448,4472.465,4470.148,4472.248,0.0872
1767956400000,2026-01-09,11:00:00,4472.248,4474.468,4472.248,4473.348,0.1399
1767956700000,2026-01-09,11:05:00,4473.348,4473.765,4469.655,4469.985,0.1972
1767957000000,2026-01-09,11:10:00,4469.935,4471.735,4469.795,4471.725,0.0536
1767957300000,2026-01-09,11:15:00,4471.775,4472.615,4471.175,4471.915,0.0527
1767957600000,2026-01-09,11:20:00,4471.958,4472.675,4471.185,4471.955,0.0806
1767957900000,2026-01-09,11:25:00,4472.048,4472.235,4470.205,4470.305,0.0944
1767958200000,2026-01-09,11:30:00,4470.355,4470.985,4468.925,4470.485,0.0748
1767958500000,2026-01-09,11:35:00,4470.285,4471.605,4469.295,4471.605,0.066
1767958800000,2026-01-09,11:40:00,4471.585,4471.605,4469.015,4470.348,0.0957
1767959100000,2026-01-09,11:45:00,4470.348,4472.125,4468.385,4472.015,0.0833
1767959400000,2026-01-09,11:50:00,4472.045,4473.285,4471.248,4473.248,0.0809
1767959700000,2026-01-09,11:55:00,4473.248,4475.898,4472.915,4475.048,0.1026
1767960000000,2026-01-09,12:00:00,4474.995,4478.548,4474.995,4476.848,0.1862
1767960300000,2026-01-09,12:05:00,4476.948,4480.335,4476.748,4477.335,0.1541
1767960600000,2026-01-09,12:10:00,4477.275,4477.275,4471.745,4473.825,0.1337
1767960900000,2026-01-09,12:15:00,4473.898,4474.545,4472.985,4473.345,0.0845
1767961200000,2026-01-09,12:20:00,4473.325,4473.325,4469.798,4470.425,0.1197
1767961500000,2026-01-09,12:25:00,4470.375,4471.038,4466.725,4467.395,0.1677
1767961800000,2026-01-09,12:30:00,4467.435,4468.388,4460.705,4464.375,0.1893
1767962100000,2026-01-09,12:35:00,4464.355,4466.075,4462.825,4465.455,0.1277
1767962400000,2026-01-09,12:40:00,4465.435,4466.825,4464.045,4465.815,0.1322
1767962700000,2026-01-09,12:45:00,4465.835,4468.065,4464.765,4467.225,0.1144
1767963000000,2026-01-09,12:50:00,4467.195,4467.255,4463.355,4463.925,0.1304
1767963300000,2026-01-09,12:55:00,4463.895,4467.485,4463.355,4465.685,0.1152
1767963600000,2026-01-09,13:00:00,4465.765,4470.095,4463.215,4469.125,0.3493
1767963900000,2026-01-09,13:05:00,4469.185,4473.385,4468.955,4469.475,0.2536
1767964200000,2026-01-09,13:10:00,4469.415,4471.415,4466.295,4467.215,0.2478
1767964500000,2026-01-09,13:15:00,4467.215,4468.555,4462.985,4463.465,0.2524
1767964800000,2026-01-09,13:20:00,4463.325,4473.495,4461.745,4471.855,0.3095
1767965100000,2026-01-09,13:25:00,4472.015,4474.455,4470.165,4472.235,0.1791
1767965400000,2026-01-09,13:30:00,4472.355,4488.065,4458.595,4486.545,0.3869
1767965700000,2026-01-09,13:35:00,4486.525,4489.215,4478.805,4488.408,0.3645
1767966000000,2026-01-09,13:40:00,4488.245,4491.595,4483.208,4486.548,0.3888
1767966300000,2026-01-09,13:45:00,4486.648,4488.455,4481.328,4483.085,0.3887
1767966600000,2026-01-09,13:50:00,4483.085,4484.895,4478.458,4482.785,0.3472
1767966900000,2026-01-09,13:55:00,4482.725,4485.115,4479.578,4482.178,0.3239
1767967200000,2026-01-09,14:00:00,4482.178,4487.815,4480.765,4485.035,0.3278
1767967500000,2026-01-09,14:05:00,4485.005,4486.988,4480.175,4486.605,0.3063
1767967800000,2026-01-09,14:10:00,4486.545,4496.315,4485.905,4489.075,0.397
1767968100000,2026-01-09,14:15:00,4489.105,4492.305,4483.225,4486.698,0.3728
1767968400000,2026-01-09,14:20:00,4486.648,4495.588,4486.528,4493.575,0.3264
1767968700000,2026-01-09,14:25:00,4493.645,4495.315,4491.328,4493.955,0.2487
1767969000000,2026-01-09,14:30:00,4493.935,4494.268,4482.285,4489.485,0.391
1767969300000,2026-01-09,14:35:00,4489.385,4497.898,4489.035,4495.715,0.4201
1767969600000,2026-01-09,14:40:00,4495.735,4497.825,4485.915,4487.515,0.4072
1767969900000,2026-01-09,14:45:00,4487.585,4488.555,4481.825,4484.488,0.4515
1767970200000,2026-01-09,14:50:00,4484.488,4490.925,4478.985,4490.535,0.4935
1767970500000,2026-01-09,14:55:00,4490.585,4495.105,4490.585,4494.095,0.323
1767970800000,2026-01-09,15:00:00,4494.075,4498.798,4492.005,4493.295,0.3724
1767971100000,2026-01-09,15:05:00,4493.435,4499.975,4489.818,4499.425,0.3927
1767971400000,2026-01-09,15:10:00,4499.455,4499.568,4493.235,4496.258,0.4082
1767971700000,2026-01-09,15:15:00,4496.258,4499.158,4493.158,4498.998,0.4828
1767972000000,2026-01-09,15:20:00,4499.028,4510.775,4495.098,4508.348,0.5777
1767972300000,2026-01-09,15:25:00,4508.295,4510.448,4503.795,4505.025,0.4471
1767972600000,2026-01-09,15:30:00,4505.105,4511.915,4504.915,4505.928,0.4158
1767972900000,2026-01-09,15:35:00,4506.028,4515.378,4505.818,4515.278,0.4745
1767973200000,2026-01-09,15:40:00,4515.288,4516.898,4512.875,4514.078,0.3463
1767973500000,2026-01-09,15:45:00,4514.085,4514.515,4508.035,4510.555,0.2787
1767973800000,2026-01-09,15:50:00,4510.558,4514.238,4508.435,4511.325,0.3244
1767974100000,2026-01-09,15:55:00,4511.545,4513.695,4509.635,4511.988,0.2577
1767974400000,2026-01-09,16:00:00,4511.988,4513.908,4510.695,4511.395,0.5689
1767974700000,2026-01-09,16:05:00,4511.705,4512.115,4504.738,4507.225,0.7941
1767975000000,2026-01-09,16:10:00,4507.265,4507.895,4499.498,4502.818,0.4032
1767975300000,2026-01-09,16:15:00,4502.818,4506.348,4501.248,4506.348,0.2983
1767975600000,2026-01-09,16:20:00,4506.348,4506.765,4500.305,4501.965,0.255
1767975900000,2026-01-09,16:25:00,4501.755,4505.298,4499.948,4503.248,0.3559
1767976200000,2026-01-09,16:30:00,4503.255,4505.048,4500.568,4503.128,0.4144
1767976500000,2026-01-09,16:35:00,4503.128,4506.608,4501.348,4504.648,0.4279
1767976800000,2026-01-09,16:40:00,4504.658,4504.948,4501.048,4504.398,0.4914
1767977100000,2026-01-09,16:45:00,4504.398,4506.375,4501.475,4505.035,0.3614
1767977400000,2026-01-09,16:50:00,4505.015,4507.865,4504.955,4507.065,0.171
1767977700000,2026-01-09,16:55:00,4507.045,4507.745,4505.725,4506.305,0.1626
1767978000000,2026-01-09,17:00:00,4506.315,4511.455,4504.225,4506.885,0.24
1767978300000,2026-01-09,17:05:00,4507.255,4509.898,4505.345,4508.258,0.226
1767978600000,2026-01-09,17:10:00,4508.578,4510.208,4507.328,4508.585,0.2339
1767978900000,2026-01-09,17:15:00,4508.555,4508.575,4504.545,4506.528,0.2393
1767979200000,2026-01-09,17:20:00,4506.545,4506.608,4501.525,4504.978,0.2708
1767979500000,2026-01-09,17:25:00,4504.985,4505.385,4501.928,4503.555,0.1687
1767979800000,2026-01-09,17:30:00,4503.555,4509.798,4502.995,4507.748,0.2443
1767980100000,2026-01-09,17:35:00,4507.748,4507.948,4504.825,4505.808,0.277
1767980400000,2026-01-09,17:40:00,4505.708,4505.808,4500.918,4501.605,0.2711
1767980700000,2026-01-09,17:45:00,4501.585,4502.805,4496.618,4497.325,0.4209
1767981000000,2026-01-09,17:50:00,4497.375,4498.215,4485.265,4487.015,0.3703
1767981300000,2026-01-09,17:55:00,4486.985,4488.325,4481.615,4484.205,0.3106
1767981600000,2026-01-09,18:00:00,4484.105,4487.965,4482.655,4485.675,0.3684
1767981900000,2026-01-09,18:05:00,4485.725,4493.015,4485.395,4488.695,0.3246
1767982200000,2026-01-09,18:10:00,4488.825,4492.925,4487.845,4492.605,0.2258
1767982500000,2026-01-09,18:15:00,4492.605,4493.985,4490.735,4491.755,0.2659
1767982800000,2026-01-09,18:20:00,4491.865,4494.335,4489.425,4491.848,0.3744
1767983100000,2026-01-09,18:25:00,4491.848,4493.565,4489.555,4491.275,0.2687
1767983400000,2026-01-09,18:30:00,4491.275,4501.015,4491.008,4500.815,0.2135
1767983700000,2026-01-09,18:35:00,4500.725,4503.915,4500.615,4503.555,0.6068
1767984000000,2026-01-09,18:40:00,4503.555,4504.305,4501.215,4502.085,0.7368
1767984300000,2026-01-09,18:45:00,4502.085,4502.565,4496.065,4498.385,0.8823
1767984600000,2026-01-09,18:50:00,4498.385,4498.385,4494.985,4496.495,0.6159
1767984900000,2026-01-09,18:55:00,4496.485,4498.205,4495.015,4495.755,0.5419
1767985200000,2026-01-09,19:00:00,4495.755,4497.795,4493.795,4494.125,0.2764
1767985500000,2026-01-09,19:05:00,4494.165,4495.125,4492.425,4494.255,0.4677
1767985800000,2026-01-09,19:10:00,4494.265,4497.495,4493.645,4496.805,0.4258
1767986100000,2026-01-09,19:15:00,4496.765,4499.245,4496.375,4497.665,0.4685
1767986400000,2026-01-09,19:20:00,4497.695,4501.425,4497.065,4501.315,0.4148
1767986700000,2026-01-09,19:25:00,4501.315,4501.385,4497.738,4498.595,0.4507
1767987000000,2026-01-09,19:30:00,4498.645,4499.045,4495.615,4497.895,0.3164
1767987300000,2026-01-09,19:35:00,4497.885,4499.935,4497.275,4499.485,0.3312
1767987600000,2026-01-09,19:40:00,4499.455,4499.925,4495.935,4496.595,0.2712
1767987900000,2026-01-09,19:45:00,4496.595,4500.885,4496.595,4500.615,0.307
1767988200000,2026-01-09,19:50:00,4500.545,4501.498,4499.195,4500.388,0.1851
1767988500000,2026-01-09,19:55:00,4500.388,4500.815,4498.785,4498.925,0.0972
1767988800000,2026-01-09,20:00:00,4498.865,4501.585,4497.405,4501.105,0.5475
1767989100000,2026-01-09,20:05:00,4501.135,4501.475,4499.245,4500.195,0.4713
1767989400000,2026-01-09,20:10:00,4500.125,4506.788,4499.935,4506.478,0.5459
1767989700000,2026-01-09,20:15:00,4506.478,4509.098,4506.438,4508.178,0.3956
1767990000000,2026-01-09,20:20:00,4507.818,4508.378,4502.898,4507.298,0.4535
1767990300000,2026-01-09,20:25:00,4507.298,4507.455,4503.288,4505.055,0.3479
1767990600000,2026-01-09,20:30:00,4505.148,4505.445,4503.015,4504.898,0.3171
1767990900000,2026-01-09,20:35:00,4504.898,4505.638,4502.948,4504.028,0.2804
1767991200000,2026-01-09,20:40:00,4504.028,4504.275,4502.115,4503.728,0.3097
1767991500000,2026-01-09,20:45:00,4503.825,4505.288,4503.388,4504.345,0.2897
1767991800000,2026-01-09,20:50:00,4504.268,4506.605,4503.945,4506.105,0.4136
1767992100000,2026-01-09,20:55:00,4506.225,4509.805,4506.215,4507.275,0.8815
1767992400000,2026-01-09,21:00:00,4507.265,4508.365,4505.648,4506.398,0.0803
1767992700000,2026-01-09,21:05:00,4506.498,4507.198,4504.748,4505.048,0.0456
1767993000000,2026-01-09,21:10:00,4504.985,4508.348,4504.985,4507.948,0.0575
1767993300000,2026-01-09,21:15:00,4508.148,4509.865,4507.275,4509.785,0.0549
1767993600000,2026-01-09,21:20:00,4509.785,4510.245,4509.075,4509.655,0.0421
1767993900000,2026-01-09,21:25:00,4509.648,4509.948,4508.998,4509.435,0.0409
1767994200000,2026-01-09,21:30:00,4509.415,4509.415,4507.475,4507.645,0.043
1767994500000,2026-01-09,21:35:00,4507.615,4507.645,4506.205,4507.275,0.0525
1767994800000,2026-01-09,21:40:00,4507.175,4510.998,4505.708,4509.748,0.092
1767995100000,2026-01-09,21:45:00,4509.748,4510.358,4507.748,4509.878,0.1096
1767995400000,2026-01-09,21:50:00,4509.878,4510.335,4507.788,4509.448,0.089
1767995700000,2026-01-09,21:55:00,4509.348,4509.748,4508.035,4509.015,0.0755
1768172400000,2026-01-11,23:00:00,4520.298,4522.098,4511.898,4520.498,0.2911
1768172700000,2026-01-11,23:05:00,4520.298,4528.698,4520.105,4528.548,0.1971
1768173000000,2026-01-11,23:10:00,4528.548,4530.585,4522.208,4529.865,0.1704
1768173300000,2026-01-11,23:15:00,4529.865,4533.348,4529.155,4532.498,0.1826
1768173600000,2026-01-11,23:20:00,4532.498,4535.315,4531.025,4534.598,0.2058
1768173900000,2026-01-11,23:25:00,4534.398,4537.948,4533.575,4537.448,0.219
1768174200000,2026-01-11,23:30:00,4537.455,4538.865,4533.925,4535.878,0.1711
1768174500000,2026-01-11,23:35:00,4535.878,4537.115,4532.925,4534.965,0.1095
1768174800000,2026-01-11,23:40:00,4534.965,4544.735,4534.815,4542.165,0.1304
1768175100000,2026-01-11,23:45:00,4542.125,4543.725,4540.205,4540.375,0.085
1768175400000,2026-01-11,23:50:00,4540.395,4543.255,4538.385,4541.625,0.0998
1768175700000,2026-01-11,23:55:00,4541.545,4541.825,4538.145,4539.855,0.0831
1768176000000,2026-01-12,00:00:00,4539.775,4545.115,4536.055,4544.825,0.1529
1768176300000,2026-01-12,00:05:00,4544.735,4550.475,4543.865,4549.765,0.1354
1768176600000,2026-01-12,00:10:00,4549.695,4553.975,4547.925,4553.255,0.1852
1768176900000,2026-01-12,00:15:00,4553.215,4563.475,4550.885,4563.405,0.2383
1768177200000,2026-01-12,00:20:00,4563.405,4564.655,4556.425,4558.598,0.1724
1768177500000,2026-01-12,00:25:00,4558.598,4565.705,4558.435,4564.335,0.1579
1768177800000,2026-01-12,00:30:00,4564.285,4577.665,4561.848,4574.148,0.2552
1768178100000,2026-01-12,00:35:00,4574.148,4586.675,4572.105,4586.345,0.2941
1768178400000,2026-01-12,00:40:00,4586.465,4593.845,4582.645,4591.285,0.3344
1768178700000,2026-01-12,00:45:00,4591.155,4597.348,4587.785,4595.055,0.2952
1768179000000,2026-01-12,00:50:00,4595.085,4598.775,4591.325,4598.738,0.2957
1768179300000,2026-01-12,00:55:00,4599.165,4601.048,4587.948,4588.548,0.3881
1768179600000,2026-01-12,01:00:00,4588.548,4594.498,4583.025,4587.495,0.4542
1768179900000,2026-01-12,01:05:00,4587.555,4591.575,4580.135,4585.735,0.3752
1768180200000,2026-01-12,01:10:00,4585.725,4590.795,4577.545,4581.365,0.394
1768180500000,2026-01-12,01:15:00,4581.295,4583.835,4573.668,4574.558,0.5269
1768180800000,2026-01-12,01:20:00,4574.478,4582.185,4573.955,4580.435,0.4882
1768181100000,2026-01-12,01:25:00,4580.348,4583.065,4575.365,4582.245,0.3239
1768181400000,2026-01-12,01:30:00,4582.325,4583.875,4576.875,4577.448,0.3996
1768181700000,2026-01-12,01:35:00,4577.335,4580.185,4573.255,4578.545,0.4548
1768182000000,2026-01-12,01:40:00,4578.575,4582.605,4571.588,4573.175,0.3672
1768182300000,2026-01-12,01:45:00,4573.189,4577.375,4572.735,4574.545,0.332
1768182600000,2026-01-12,01:50:00,4574.565,4578.755,4573.385,4575.505,0.2407
1768182900000,2026-01-12,01:55:00,4575.565,4576.155,4569.755,4569.755,0.2805
1768183200000,2026-01-12,02:00:00,4569.725,4574.609,4564.998,4565.228,0.4166
1768183500000,2026-01-12,02:05:00,4565.478,4569.575,4561.355,4567.958,0.361
1768183800000,2026-01-12,02:10:00,4567.958,4567.958,4564.758,4566.625,0.2988
1768184100000,2026-01-12,02:15:00,4566.645,4569.239,4563.898,4567.948,0.2622
1768184400000,2026-01-12,02:20:00,4567.958,4569.899,4565.879,4567.045,0.2243
1768184700000,2026-01-12,02:25:00,4567.005,4569.205,4565.965,4566.005,0.2304
1768185000000,2026-01-12,02:30:00,4566.005,4570.155,4562.138,4570.075,0.4095
1768185300000,2026-01-12,02:35:00,4570.095,4573.785,4566.415,4573.285,0.334
1768185600000,2026-01-12,02:40:00,4573.375,4578.815,4572.908,4578.735,0.2974
1768185900000,2026-01-12,02:45:00,4578.705,4581.745,4575.955,4577.725,0.3202
1768186200000,2026-01-12,02:50:00,4577.705,4578.115,4573.335,4577.415,0.1873
1768186500000,2026-01-12,02:55:00,4577.385,4578.475,4574.545,4577.345,0.2374
1768186800000,2026-01-12,03:00:00,4577.225,4579.185,4574.905,4576.575,0.1596
1768187100000,2026-01-12,03:05:00,4576.595,4580.355,4576.395,4577.045,0.1546
1768187400000,2026-01-12,03:10:00,4577.095,4578.855,4575.995,4578.485,0.1702
1768187700000,2026-01-12,03:15:00,4578.435,4580.205,4577.195,4577.865,0.1405
1768188000000,2026-01-12,03:20:00,4577.845,4578.835,4576.115,4578.405,0.1459
1768188300000,2026-01-12,03:25:00,4578.355,4581.055,4577.455,4580.865,0.2156
1768188600000,2026-01-12,03:30:00,4580.915,4581.255,4575.955,4576.095,0.1701
1768188900000,2026-01-12,03:35:00,4576.095,4577.475,4575.435,4576.665,0.0929
1768189200000,2026-01-12,03:40:00,4576.575,4576.885,4572.335,4572.515,0.1209
1768189500000,2026-01-12,03:45:00,4572.575,4574.425,4568.465,4570.545,0.1089
1768189800000,2026-01-12,03:50:00,4570.515,4573.595,4567.445,4573.035,0.1068
1768190100000,2026-01-12,03:55:00,4573.075,4573.715,4569.125,4570.285,0.1256
1768190400000,2026-01-12,04:00:00,4570.305,4570.995,4565.525,4567.015,0.1167
1768190700000,2026-01-12,04:05:00,4567.045,4568.485,4565.425,4567.935,0.1162
1768191000000,2026-01-12,04:10:00,4567.945,4568.775,4566.915,4568.565,0.1077
1768191300000,2026-01-12,04:15:00,4568.585,4571.495,4568.495,4570.995,0.1169
1768191600000,2026-01-12,04:20:00,4570.975,4571.995,4569.375,4569.375,0.1292
1768191900000,2026-01-12,04:25:00,4569.325,4569.805,4567.025,4568.395,0.1154
1768192200000,2026-01-12,04:30:00,4568.415,4569.815,4563.655,4563.665,0.1463
1768192500000,2026-01-12,04:35:00,4563.745,4568.225,4563.118,4565.915,0.1554
1768192800000,2026-01-12,04:40:00,4565.965,4568.035,4565.735,4567.745,0.1091
1768193100000,2026-01-12,04:45:00,4567.745,4570.085,4566.855,4569.285,0.0953
1768193400000,2026-01-12,04:50:00,4569.225,4569.495,4566.265,4566.665,0.0857
1768193700000,2026-01-12,04:55:00,4566.635,4568.795,4566.035,4568.365,0.1006
1768194000000,2026-01-12,05:00:00,4568.415,4569.195,4565.835,4567.785,0.1469
1768194300000,2026-01-12,05:05:00,4567.715,4570.375,4567.165,4570.115,0.0877
1768194600000,2026-01-12,05:10:00,4570.115,4571.875,4567.815,4570.015,0.0859
1768194900000,2026-01-12,05:15:00,4569.965,4572.965,4569.475,4571.888,0.0751
1768195200000,2026-01-12,05:20:00,4571.888,4573.005,4570.785,4572.385,0.0736
1768195500000,2026-01-12,05:25:00,4572.345,4573.725,4571.185,4572.245,0.0615
1768195800000,2026-01-12,05:30:00,4571.855,4578.135,4569.745,4576.725,0.1963
1768196100000,2026-01-12,05:35:00,4576.758,4578.018,4574.665,4577.599,0.1823
1768196400000,2026-01-12,05:40:00,4577.578,4582.785,4575.915,4581.455,0.2176
1768196700000,2026-01-12,05:45:00,4581.495,4584.695,4580.715,4583.755,0.2557
1768197000000,2026-01-12,05:50:00,4583.785,4584.535,4579.715,4579.765,0.2408
1768197300000,2026-01-12,05:55:00,4579.809,4581.505,4578.535,4580.575,0.2162
1768197600000,2026-01-12,06:00:00,4580.615,4580.615,4576.498,4576.985,0.1838
1768197900000,2026-01-12,06:05:00,4576.655,4576.755,4573.598,4575.375,0.2142
1768198200000,2026-01-12,06:10:00,4575.355,4576.425,4571.095,4572.445,0.2955
1768198500000,2026-01-12,06:15:00,4572.485,4572.705,4569.455,4572.348,0.1771
1768198800000,2026-01-12,06:20:00,4572.348,4575.105,4572.025,4574.405,0.1446
1768199100000,2026-01-12,06:25:00,4574.515,4575.815,4573.105,4573.505,0.1269
1768199400000,2026-01-12,06:30:00,4573.475,4575.495,4573.405,4574.775,0.1211
1768199700000,2026-01-12,06:35:00,4574.755,4575.805,4572.248,4572.948,0.1878
1768200000000,2026-01-12,06:40:00,4572.865,4576.235,4571.875,4574.285,0.1517
1768200300000,2026-01-12,06:45:00,4574.255,4575.945,4573.755,4574.485,0.1481
1768200600000,2026-01-12,06:50:00,4574.555,4579.865,4574.175,4578.595,0.2214
1768200900000,2026-01-12,06:55:00,4578.665,4579.315,4577.425,4578.395,0.1502
1768201200000,2026-01-12,07:00:00,4578.415,4579.165,4574.585,4576.295,0.1493
1768201500000,2026-01-12,07:05:00,4576.325,4582.635,4575.335,4581.825,0.1395
1768201800000,2026-01-12,07:10:00,4582.135,4583.855,4581.055,4583.295,0.17
1768202100000,2026-01-12,07:15:00,4583.295,4585.855,4582.735,4585.635,0.1584
1768202400000,2026-01-12,07:20:00,4585.665,4587.285,4583.875,4583.935,0.1566
1768202700000,2026-01-12,07:25:00,4583.885,4585.065,4578.775,4581.305,0.1827
1768203000000,2026-01-12,07:30:00,4581.335,4582.395,4579.168,4580.215,0.1333
1768203300000,2026-01-12,07:35:00,4580.195,4585.225,4578.435,4584.215,0.1225
1768203600000,2026-01-12,07:40:00,4584.195,4584.195,4580.135,4583.565,0.1218
1768203900000,2026-01-12,07:45:00,4583.595,4585.375,4582.975,4584.975,0.1145
1768204200000,2026-01-12,07:50:00,4585.005,4586.925,4584.035,4585.885,0.1001
1768204500000,2026-01-12,07:55:00,4585.855,4589.465,4585.235,4587.485,0.1115
1768204800000,2026-01-12,08:00:00,4587.455,4589.085,4585.115,4586.698,0.2043
1768205100000,2026-01-12,08:05:00,4586.725,4587.895,4583.105,4583.538,0.1365
1768205400000,2026-01-12,08:10:00,4583.538,4585.755,4581.855,4583.255,0.1093
1768205700000,2026-01-12,08:15:00,4583.215,4583.265,4579.235,4583.135,0.1536
1768206000000,2026-01-12,08:20:00,4583.155,4583.845,4580.155,4582.475,0.1157
1768206300000,2026-01-12,08:25:00,4582.495,4584.335,4581.075,4583.395,0.1252
1768206600000,2026-01-12,08:30:00,4583.415,4584.225,4581.615,4583.445,0.1177
1768206900000,2026-01-12,08:35:00,4583.385,4589.265,4583.075,4586.615,0.1349
1768207200000,2026-01-12,08:40:00,4586.585,4588.375,4585.415,4585.475,0.1171
1768207500000,2026-01-12,08:45:00,4585.495,4594.905,4584.825,4593.928,0.1461
1768207800000,2026-01-12,08:50:00,4593.928,4598.315,4593.275,4596.135,0.1711
1768208100000,2026-01-12,08:55:00,4596.105,4597.715,4594.095,4596.695,0.1913
1768208400000,2026-01-12,09:00:00,4596.725,4597.285,4593.145,4594.238,0.1776
1768208700000,2026-01-12,09:05:00,4594.238,4595.805,4593.068,4594.875,0.3122
1768209000000,2026-01-12,09:10:00,4594.895,4597.565,4594.875,4596.765,0.2174
1768209300000,2026-01-12,09:15:00,4596.735,4597.425,4595.945,4596.365,0.1806
1768209600000,2026-01-12,09:20:00,4596.415,4599.005,4593.995,4598.265,0.1227
1768209900000,2026-01-12,09:25:00,4598.285,4599.245,4595.395,4596.245,0.1911
1768210200000,2026-01-12,09:30:00,4596.225,4596.835,4594.348,4595.685,0.1025
1768210500000,2026-01-12,09:35:00,4595.755,4596.615,4593.248,4593.298,0.1389
1768210800000,2026-01-12,09:40:00,4593.298,4596.538,4593.258,4595.168,0.1317
1768211100000,2026-01-12,09:45:00,4595.168,4595.278,4591.255,4591.805,0.2504
1768211400000,2026-01-12,09:50:00,4591.785,4591.805,4589.738,4589.798,0.3806
1768211700000,2026-01-12,09:55:00,4589.758,4591.665,4587.415,4588.945,0.3085
1768212000000,2026-01-12,10:00:00,4588.965,4593.215,4588.965,4590.175,0.1081
1768212300000,2026-01-12,10:05:00,4590.145,4591.035,4586.685,4586.725,0.0918
1768212600000,2026-01-12,10:10:00,4586.705,4591.865,4585.835,4591.865,0.1207
1768212900000,2026-01-12,10:15:00,4591.845,4592.368,4589.025,4589.105,0.0796
1768213200000,2026-01-12,10:20:00,4589.085,4591.495,4588.595,4591.195,0.0852
1768213500000,2026-01-12,10:25:00,4591.235,4593.935,4590.875,4592.345,0.0912
1768213800000,2026-01-12,10:30:00,4592.395,4594.435,4586.448,4587.185,0.1454
1768214100000,2026-01-12,10:35:00,4587.225,4591.825,4587.105,4591.815,0.1052
1768214400000,2026-01-12,10:40:00,4591.805,4593.738,4589.485,4589.585,0.0752
1768214700000,2026-01-12,10:45:00,4589.615,4592.755,4589.505,4591.935,0.0865
1768215000000,2026-01-12,10:50:00,4592.285,4594.325,4592.145,4593.515,0.0868
1768215300000,2026-01-12,10:55:00,4593.485,4595.145,4592.705,4594.055,0.0834
1768215600000,2026-01-12,11:00:00,4594.075,4594.725,4591.655,4592.545,0.0991
1768215900000,2026-01-12,11:05:00,4592.515,4593.255,4591.685,4591.925,0.0699
1768216200000,2026-01-12,11:10:00,4591.945,4592.815,4590.418,4590.835,0.0788
1768216500000,2026-01-12,11:15:00,4590.815,4593.795,4589.215,4589.545,0.0859
1768216800000,2026-01-12,11:20:00,4589.575,4589.905,4586.345,4587.945,0.1059
1768217100000,2026-01-12,11:25:00,4587.905,4587.925,4583.655,4584.875,0.175
1768217400000,2026-01-12,11:30:00,4584.895,4587.235,4584.125,4587.235,0.1463
1768217700000,2026-01-12,11:35:00,4587.195,4590.065,4586.695,4590.065,0.0898
1768218000000,2026-01-12,11:40:00,4590.035,4592.005,4589.365,4591.845,0.1347
1768218300000,2026-01-12,11:45:00,4591.995,4592.005,4586.155,4586.155,0.1009
1768218600000,2026-01-12,11:50:00,4586.125,4586.885,4584.515,4585.345,0.0967
1768218900000,2026-01-12,11:55:00,4585.305,4585.545,4581.415,4584.995,0.1569
1768219200000,2026-01-12,12:00:00,4585.015,4586.585,4583.125,4584.135,0.1748
1768219500000,2026-01-12,12:05:00,4584.235,4585.035,4579.455,4580.955,0.1327
1768219800000,2026-01-12,12:10:00,4581.015,4585.185,4581.015,4581.875,0.2641
1768220100000,2026-01-12,12:15:00,4581.855,4582.365,4578.815,4580.595,0.1216
1768220400000,2026-01-12,12:20:00,4580.565,4582.185,4578.145,4582.105,0.2105
1768220700000,2026-01-12,12:25:00,4582.075,4582.625,4580.395,4582.565,0.1198
1768221000000,2026-01-12,12:30:00,4582.615,4585.125,4582.125,4584.695,0.1048
1768221300000,2026-01-12,12:35:00,4584.735,4585.985,4583.715,4584.635,0.1136
1768221600000,2026-01-12,12:40:00,4584.655,4586.755,4584.295,4586.095,0.1062
1768221900000,2026-01-12,12:45:00,4586.085,4587.705,4585.285,4586.745,0.1186
1768222200000,2026-01-12,12:50:00,4586.705,4589.555,4586.465,4588.475,0.1404
1768222500000,2026-01-12,12:55:00,4588.505,4590.575,4587.445,4590.315,0.1375
1768222800000,2026-01-12,13:00:00,4590.285,4595.965,4588.345,4595.955,0.2732
1768223100000,2026-01-12,13:05:00,4595.935,4604.385,4595.845,4600.975,0.4584
1768223400000,2026-01-12,13:10:00,4600.885,4609.285,4600.865,4606.375,0.2736
1768223700000,2026-01-12,13:15:00,4606.775,4610.515,4606.455,4608.365,0.2421
1768224000000,2026-01-12,13:20:00,4608.225,4610.935,4606.495,4609.625,0.2698
1768224300000,2026-01-12,13:25:00,4609.575,4610.905,4604.108,4604.595,0.3699
1768224600000,2026-01-12,13:30:00,4604.495,4608.948,4604.469,4608.685,0.3953
1768224900000,2026-01-12,13:35:00,4608.655,4610.945,4607.045,4610.365,0.1922
1768225200000,2026-01-12,13:40:00,4610.395,4613.095,4605.959,4608.775,0.2061
1768225500000,2026-01-12,13:45:00,4608.905,4615.015,4607.605,4614.275,0.1969
1768225800000,2026-01-12,13:50:00,4614.245,4620.025,4613.765,4619.445,0.1787
1768226100000,2026-01-12,13:55:00,4619.465,4620.185,4615.488,4615.555,0.3186
1768226400000,2026-01-12,14:00:00,4615.585,4617.055,4598.005,4600.095,0.3666
1768226700000,2026-01-12,14:05:00,4600.035,4604.115,4597.405,4598.245,0.5458
1768227000000,2026-01-12,14:10:00,4597.898,4598.455,4592.205,4596.295,0.3962
1768227300000,2026-01-12,14:15:00,4596.019,4598.445,4590.309,4596.398,0.3289
1768227600000,2026-01-12,14:20:00,4596.398,4599.385,4592.345,4596.765,0.3035
1768227900000,2026-01-12,14:25:00,4596.755,4597.445,4584.615,4586.165,0.4917
1768228200000,2026-01-12,14:30:00,4586.125,4601.055,4585.095,4597.985,0.4097
1768228500000,2026-01-12,14:35:00,4597.935,4611.165,4592.005,4610.435,0.4347
1768228800000,2026-01-12,14:40:00,4610.505,4610.545,4601.215,4604.045,0.3635
1768229100000,2026-01-12,14:45:00,4604.085,4604.375,4597.098,4601.698,0.6088
1768229400000,2026-01-12,14:50:00,4601.698,4607.815,4598.539,4604.365,0.5988
1768229700000,2026-01-12,14:55:00,4604.345,4605.925,4600.285,4601.778,0.424
1768230000000,2026-01-12,15:00:00,4601.775,4613.035,4601.548,4606.885,0.2991
1768230300000,2026-01-12,15:05:00,4607.155,4617.745,4605.555,4615.335,0.3629
1768230600000,2026-01-12,15:10:00,4615.235,4619.125,4614.285,4617.149,0.3767
1768230900000,2026-01-12,15:15:00,4617.149,4618.698,4612.485,4614.185,0.3817
1768231200000,2026-01-12,15:20:00,4614.545,4618.255,4610.095,4617.795,0.3239
1768231500000,2026-01-12,15:25:00,4617.755,4621.985,4616.548,4619.348,0.2839
1768231800000,2026-01-12,15:30:00,4619.348,4624.595,4618.298,4622.865,0.2924
1768232100000,2026-01-12,15:35:00,4622.785,4627.275,4622.465,4626.308,0.3108
1768232400000,2026-01-12,15:40:00,4626.269,4627.185,4621.658,4623.298,0.5398
1768232700000,2026-01-12,15:45:00,4623.098,4624.698,4618.835,4621.955,0.2357
1768233000000,2026-01-12,15:50:00,4621.925,4622.685,4618.835,4621.005,0.2071
1768233300000,2026-01-12,15:55:00,4620.785,4622.585,4617.805,4621.135,0.2167
1768233600000,2026-01-12,16:00:00,4620.765,4624.055,4617.355,4623.495,0.2363
1768233900000,2026-01-12,16:05:00,4623.525,4624.815,4622.395,4624.515,0.1969
1768234200000,2026-01-12,16:10:00,4624.498,4629.655,4622.365,4628.885,0.2265
1768234500000,2026-01-12,16:15:00,4628.875,4629.975,4626.505,4628.065,0.2163
1768234800000,2026-01-12,16:20:00,4628.045,4629.655,4621.975,4624.265,0.355
1768235100000,2026-01-12,16:25:00,4624.345,4624.585,4619.485,4619.755,0.1893
1768235400000,2026-01-12,16:30:00,4619.785,4622.685,4619.095,4621.225,0.1791
1768235700000,2026-01-12,16:35:00,4621.315,4622.975,4612.935,4612.955,0.2275
1768236000000,2026-01-12,16:40:00,4613.055,4613.545,4607.508,4612.135,0.3638
1768236300000,2026-01-12,16:45:00,4612.115,4616.975,4611.845,4615.735,0.18
1768236600000,2026-01-12,16:50:00,4615.715,4618.155,4615.345,4616.595,0.152
1768236900000,2026-01-12,16:55:00,4616.625,4617.425,4614.505,4616.625,0.1482
1768237200000,2026-01-12,17:00:00,4616.675,4618.285,4615.455,4615.695,0.165
1768237500000,2026-01-12,17:05:00,4615.725,4617.365,4613.505,4614.065,0.1648
1768237800000,2026-01-12,17:10:00,4614.085,4616.855,4613.815,4615.129,0.2718
1768238100000,2026-01-12,17:15:00,4615.109,4618.325,4614.875,4615.635,0.223
1768238400000,2026-01-12,17:20:00,4615.655,4617.355,4611.805,4615.878,0.2846
1768238700000,2026-01-12,17:25:00,4615.898,4617.378,4615.078,4615.988,0.5447
1768239000000,2026-01-12,17:30:00,4615.978,4616.715,4612.668,4613.055,0.2638
1768239300000,2026-01-12,17:35:00,4612.945,4615.338,4610.565,4613.195,0.2099
1768239600000,2026-01-12,17:40:00,4613.298,4614.685,4611.785,4612.948,0.2468
1768239900000,2026-01-12,17:45:00,4613.048,4618.348,4612.915,4617.098,0.3106
1768240200000,2026-01-12,17:50:00,4617.098,4620.448,4616.345,4616.898,0.3076
1768240500000,2026-01-12,17:55:00,4616.998,4620.065,4615.985,4616.155,0.1552
1768240800000,2026-01-12,18:00:00,4616.195,4618.435,4614.755,4615.045,0.1645
1768241100000,2026-01-12,18:05:00,4615.135,4617.185,4613.465,4614.725,0.19
1768241400000,2026-01-12,18:10:00,4614.685,4615.585,4608.255,4608.285,0.1656
1768241700000,2026-01-12,18:15:00,4607.829,4608.425,4601.625,4602.525,0.2481
1768242000000,2026-01-12,18:20:00,4602.775,4607.705,4601.505,4604.645,0.2507
1768242300000,2026-01-12,18:25:00,4604.675,4605.725,4600.215,4605.345,0.2418
1768242600000,2026-01-12,18:30:00,4605.395,4610.685,4602.905,4609.955,0.1469
1768242900000,2026-01-12,18:35:00,4609.925,4610.205,4607.005,4609.875,0.1289
1768243200000,2026-01-12,18:40:00,4609.855,4610.575,4605.045,4605.685,0.1391
1768243500000,2026-01-12,18:45:00,4605.745,4609.555,4605.505,4606.365,0.1295
1768243800000,2026-01-12,18:50:00,4606.405,4606.935,4603.515,4606.785,0.1392
1768244100000,2026-01-12,18:55:00,4606.805,4610.935,4606.635,4610.655,0.1026
1768244400000,2026-01-12,19:00:00,4610.685,4611.115,4608.675,4608.885,0.1083
1768244700000,2026-01-12,19:05:00,4608.915,4612.065,4608.535,4611.875,0.1177
1768245000000,2026-01-12,19:10:00,4611.805,4614.435,4611.795,4613.705,0.327
1768245300000,2026-01-12,19:15:00,4613.735,4614.895,4613.205,4614.365,0.108
1768245600000,2026-01-12,19:20:00,4614.225,4614.755,4612.485,4614.645,0.1412
1768245900000,2026-01-12,19:25:00,4614.495,4617.125,4613.415,4616.725,0.1415
1768246200000,2026-01-12,19:30:00,4616.745,4618.695,4615.745,4615.955,0.1377
1768246500000,2026-01-12,19:35:00,4616.025,4617.025,4615.045,4616.125,0.1061
1768246800000,2026-01-12,19:40:00,4616.198,4616.815,4613.795,4616.175,0.106
1768247100000,2026-01-12,19:45:00,4616.155,4616.725,4612.665,4612.819,0.1799
1768247400000,2026-01-12,19:50:00,4612.789,4614.125,4610.405,4612.655,0.3194
1768247700000,2026-01-12,19:55:00,4612.675,4612.675,4609.075,4610.975,0.1123
1768248000000,2026-01-12,20:00:00,4611.015,4611.625,4603.165,4603.895,0.1729
1768248300000,2026-01-12,20:05:00,4603.815,4605.165,4599.755,4600.405,0.21
1768248600000,2026-01-12,20:10:00,4600.355,4604.155,4600.145,4602.815,0.2415
1768248900000,2026-01-12,20:15:00,4602.915,4604.295,4599.505,4601.475,0.2612
1768249200000,2026-01-12,20:20:00,4601.495,4602.705,4599.845,4602.385,0.254
1768249500000,2026-01-12,20:25:00,4602.385,4604.005,4601.495,4602.245,0.3349
1768249800000,2026-01-12,20:30:00,4602.245,4604.605,4601.035,4602.515,0.9882
1768250100000,2026-01-12,20:35:00,4602.725,4604.485,4601.055,4601.965,0.9483
1768250400000,2026-01-12,20:40:00,4601.955,4602.745,4592.375,4592.585,0.2211
1768250700000,2026-01-12,20:45:00,4592.635,4594.755,4591.535,4593.045,0.1931
1768251000000,2026-01-12,20:50:00,4593.025,4598.655,4592.865,4598.065,0.1981
1768251300000,2026-01-12,20:55:00,4598.095,4599.115,4591.405,4593.555,0.2811
1768251600000,2026-01-12,21:00:00,4593.535,4595.525,4590.969,4592.165,0.077
1768251900000,2026-01-12,21:05:00,4592.135,4596.835,4591.915,4595.725,0.0855
1768252200000,2026-01-12,21:10:00,4595.785,4595.895,4591.448,4592.348,0.1057
1768252500000,2026-01-12,21:15:00,4592.288,4593.565,4590.665,4592.785,0.0844
1768252800000,2026-01-12,21:20:00,4592.825,4594.095,4592.445,4593.295,0.0621
1768253100000,2026-01-12,21:25:00,4593.265,4594.035,4592.855,4593.605,0.0516
1768253400000,2026-01-12,21:30:00,4593.625,4595.005,4593.555,4594.005,0.067
1768253700000,2026-01-12,21:35:00,4594.055,4594.105,4592.185,4592.855,0.0568
1768254000000,2026-01-12,21:40:00,4592.825,4592.855,4589.845,4590.275,0.0585
1768254300000,2026-01-12,21:45:00,4590.335,4593.635,4589.195,4593.635,0.0912
1768254600000,2026-01-12,21:50:00,4593.605,4594.045,4591.755,4592.195,0.058
1768254900000,2026-01-12,21:55:00,4592.225,4598.815,4592.205,4598.545,0.1179
1768258800000,2026-01-12,23:00:00,4599.498,4607.098,4595.948,4595.948,0.1103
1768259100000,2026-01-12,23:05:00,4595.948,4596.848,4590.909,4593.348,0.0709
1768259400000,2026-01-12,23:10:00,4593.348,4593.765,4577.335,4578.705,0.2134
1768259700000,2026-01-12,23:15:00,4578.005,4587.355,4577.965,4583.198,0.1877
1768260000000,2026-01-12,23:20:00,4583.098,4587.945,4582.075,4587.675,0.1604
1768260300000,2026-01-12,23:25:00,4587.655,4588.365,4584.045,4584.298,0.1267
1768260600000,2026-01-12,23:30:00,4584.298,4589.748,4583.655,4589.748,0.1384
1768260900000,2026-01-12,23:35:00,4589.648,4589.825,4585.425,4587.045,0.1408
1768261200000,2026-01-12,23:40:00,4587.025,4589.485,4585.585,4585.805,0.088
1768261500000,2026-01-12,23:45:00,4585.825,4589.825,4585.725,4589.375,0.0834
1768261800000,2026-01-12,23:50:00,4589.335,4594.375,4588.355,4590.715,0.1091
1768262100000,2026-01-12,23:55:00,4590.735,4599.305,4590.525,4599.095,0.1416
1768262400000,2026-01-13,00:00:00,4599.205,4599.365,4593.288,4594.295,0.1156
1768262700000,2026-01-13,00:05:00,4594.315,4596.145,4592.115,4592.225,0.1123
1768263000000,2026-01-13,00:10:00,4592.225,4594.298,4591.895,4592.498,0.0876
1768263300000,2026-01-13,00:15:00,4592.115,4595.705,4591.458,4594.415,0.0872
1768263600000,2026-01-13,00:20:00,4594.405,4595.095,4590.545,4592.248,0.0675
1768263900000,2026-01-13,00:25:00,4591.948,4592.148,4587.665,4587.898,0.086
1768264200000,2026-01-13,00:30:00,4587.898,4590.598,4586.798,4587.665,0.1066
1768264500000,2026-01-13,00:35:00,4588.148,4588.525,4584.148,4584.665,0.117
1768264800000,2026-01-13,00:40:00,4584.695,4586.185,4584.695,4586.015,0.0803
1768265100000,2026-01-13,00:45:00,4585.975,4590.555,4585.975,4588.685,0.0775
1768265400000,2026-01-13,00:50:00,4588.745,4590.945,4587.675,4589.735,0.0778
1768265700000,2026-01-13,00:55:00,4589.765,4591.995,4586.715,4587.045,0.0867
1768266000000,2026-01-13,01:00:00,4587.065,4589.025,4581.435,4583.085,0.2945
1768266300000,2026-01-13,01:05:00,4583.105,4593.255,4582.575,4588.355,0.235
1768266600000,2026-01-13,01:10:00,4588.335,4595.555,4588.145,4592.235,0.2445
1768266900000,2026-01-13,01:15:00,4592.265,4595.365,4584.475,4586.445,0.2281
1768267200000,2026-01-13,01:20:00,4586.465,4589.135,4584.835,4586.725,0.2674
1768267500000,2026-01-13,01:25:00,4586.698,4587.865,4581.255,4581.298,0.6777
1768267800000,2026-01-13,01:30:00,4581.245,4582.095,4575.275,4577.155,0.265
1768268100000,2026-01-13,01:35:00,4577.205,4584.845,4576.575,4584.695,0.2004
1768268400000,2026-01-13,01:40:00,4584.675,4586.995,4581.735,4582.885,0.2025
1768268700000,2026-01-13,01:45:00,4582.855,4585.875,4580.735,4581.315,0.2086
1768269000000,2026-01-13,01:50:00,4581.295,4583.145,4579.595,4579.995,0.2044
1768269300000,2026-01-13,01:55:00,4580.085,4582.015,4577.395,4577.655,0.2196
1768269600000,2026-01-13,02:00:00,4577.625,4586.225,4576.455,4584.685,0.2172
1768269900000,2026-01-13,02:05:00,4584.715,4590.325,4584.455,4587.845,0.1859
1768270200000,2026-01-13,02:10:00,4587.815,4588.905,4584.398,4586.385,0.1779
1768270500000,2026-01-13,02:15:00,4586.085,4586.925,4583.775,4585.215,0.1341
1768270800000,2026-01-13,02:20:00,4585.175,4586.985,4584.055,4586.965,0.115
1768271100000,2026-01-13,02:25:00,4586.965,4587.175,4583.295,4583.575,0.0997
1768271400000,2026-01-13,02:30:00,4583.555,4589.165,4581.725,4586.255,0.2127
1768271700000,2026-01-13,02:35:00,4586.245,4588.515,4585.235,4587.995,0.1742
1768272000000,2026-01-13,02:40:00,4588.079,4589.995,4586.655,4588.925,0.1867
1768272300000,2026-01-13,02:45:00,4588.905,4593.885,4588.855,4591.735,0.2108
1768272600000,2026-01-13,02:50:00,4591.755,4594.815,4591.735,4593.255,0.1729
1768272900000,2026-01-13,02:55:00,4593.235,4594.665,4592.145,4594.025,0.1187
1768273200000,2026-01-13,03:00:00,4593.865,4596.075,4592.545,4595.115,0.1704
1768273500000,2026-01-13,03:05:00,4595.145,4596.635,4594.445,4595.155,0.1166
1768273800000,2026-01-13,03:10:00,4595.175,4599.455,4595.175,4597.625,0.1342
1768274100000,2026-01-13,03:15:00,4597.605,4597.825,4595.895,4596.635,0.1021
1768274400000,2026-01-13,03:20:00,4596.615,4598.545,4595.675,4595.805,0.1263
1768274700000,2026-01-13,03:25:00,4595.645,4596.845,4594.705,4595.535,0.1766
1768275000000,2026-01-13,03:30:00,4595.505,4596.055,4594.609,4594.955,0.0942
1768275300000,2026-01-13,03:35:00,4595.035,4597.915,4594.905,4597.285,0.0818
1768275600000,2026-01-13,03:40:00,4597.345,4597.435,4593.058,4593.785,0.1027
1768275900000,2026-01-13,03:45:00,4593.825,4595.125,4592.515,4593.215,0.0976
1768276200000,2026-01-13,03:50:00,4593.235,4593.785,4592.325,4593.525,0.0925
1768276500000,2026-01-13,03:55:00,4593.545,4595.015,4592.655,4593.955,0.1181
1768276800000,2026-01-13,04:00:00,4593.925,4596.165,4593.725,4594.685,0.1085
1768277100000,2026-01-13,04:05:00,4594.655,4596.285,4594.348,4595.735,0.0947
1768277400000,2026-01-13,04:10:00,4595.695,4597.835,4595.405,4597.395,0.0861
1768277700000,2026-01-13,04:15:00,4597.465,4599.065,4596.895,4598.765,0.0852
1768278000000,2026-01-13,04:20:00,4598.745,4599.485,4597.495,4597.525,0.1129
1768278300000,2026-01-13,04:25:00,4597.615,4598.205,4596.425,4597.185,0.0976
1768278600000,2026-01-13,04:30:00,4597.155,4597.745,4595.375,4595.675,0.0814
1768278900000,2026-01-13,04:35:00,4595.425,4595.975,4594.528,4595.415,0.0837
1768279200000,2026-01-13,04:40:00,4595.395,4599.635,4595.355,4598.645,0.0865
1768279500000,2026-01-13,04:45:00,4598.615,4599.135,4597.355,4598.305,0.088
1768279800000,2026-01-13,04:50:00,4598.275,4598.275,4595.845,4597.085,0.0969
1768280100000,2026-01-13,04:55:00,4597.055,4598.015,4595.925,4596.148,0.085
1768280400000,2026-01-13,05:00:00,4596.095,4598.248,4595.848,4596.765,0.0895
1768280700000,2026-01-13,05:05:00,4596.715,4596.715,4591.405,4593.915,0.1326
1768281000000,2026-01-13,05:10:00,4593.955,4595.185,4591.835,4594.175,0.1008
1768281300000,2026-01-13,05:15:00,4594.195,4596.315,4594.155,4594.935,0.0765
1768281600000,2026-01-13,05:20:00,4594.915,4597.885,4594.575,4597.885,0.0529
1768281900000,2026-01-13,05:25:00,4597.915,4601.315,4597.825,4601.155,0.0923
1768282200000,2026-01-13,05:30:00,4601.125,4601.945,4585.395,4590.665,0.2712
1768282500000,2026-01-13,05:35:00,4590.695,4591.525,4585.945,4590.475,0.1712
1768282800000,2026-01-13,05:40:00,4590.515,4594.735,4588.965,4594.115,0.1402
1768283100000,2026-01-13,05:45:00,4594.165,4596.035,4592.185,4593.025,0.1376
1768283400000,2026-01-13,05:50:00,4592.935,4595.145,4590.815,4593.265,0.1498
1768283700000,2026-01-13,05:55:00,4593.175,4594.165,4591.885,4591.925,0.1933
1768284000000,2026-01-13,06:00:00,4591.815,4591.815,4589.295,4591.335,0.1955
1768284300000,2026-01-13,06:05:00,4591.315,4592.185,4587.845,4588.625,0.162
1768284600000,2026-01-13,06:10:00,4588.565,4591.175,4587.735,4590.195,0.1936
1768284900000,2026-01-13,06:15:00,4590.195,4590.375,4587.095,4588.505,0.1584
1768285200000,2026-01-13,06:20:00,4588.485,4590.715,4584.565,4586.395,0.1606
1768285500000,2026-01-13,06:25:00,4586.375,4586.658,4581.985,4584.635,0.2146
1768285800000,2026-01-13,06:30:00,4584.725,4585.865,4578.875,4583.605,0.1678
1768286100000,2026-01-13,06:35:00,4583.575,4584.355,4576.665,4577.625,0.1697
1768286400000,2026-01-13,06:40:00,4577.685,4577.685,4573.325,4575.755,0.1964
1768286700000,2026-01-13,06:45:00,4575.805,4580.095,4575.098,4579.585,0.1422
1768287000000,2026-01-13,06:50:00,4579.535,4583.215,4579.535,4580.105,0.1496
1768287300000,2026-01-13,06:55:00,4580.105,4581.685,4578.505,4581.555,0.1185
1768287600000,2026-01-13,07:00:00,4581.595,4583.245,4578.875,4581.405,0.1283
1768287900000,2026-01-13,07:05:00,4581.435,4585.165,4581.395,4584.405,0.0887
1768288200000,2026-01-13,07:10:00,4584.375,4585.095,4583.905,4584.565,0.0635
1768288500000,2026-01-13,07:15:00,4584.585,4584.685,4580.645,4580.995,0.0841
1768288800000,2026-01-13,07:20:00,4581.035,4582.145,4578.705,4580.855,0.1134
1768289100000,2026-01-13,07:25:00,4580.805,4584.785,4580.755,4583.685,0.0991
1768289400000,2026-01-13,07:30:00,4583.635,4586.945,4583.445,4585.055,0.1031
1768289700000,2026-01-13,07:35:00,4585.098,4585.945,4583.225,4584.695,0.0869
1768290000000,2026-01-13,07:40:00,4584.795,4585.145,4579.385,4580.145,0.1071
1768290300000,2026-01-13,07:45:00,4580.115,4580.635,4577.725,4578.755,0.0858
1768290600000,2026-01-13,07:50:00,4578.735,4580.235,4577.295,4577.395,0.0951
1768290900000,2026-01-13,07:55:00,4577.485,4582.225,4577.215,4580.445,0.1038
1768291200000,2026-01-13,08:00:00,4580.495,4585.225,4579.505,4584.825,0.1372
1768291500000,2026-01-13,08:05:00,4584.805,4587.798,4584.805,4587.075,0.1113
1768291800000,2026-01-13,08:10:00,4587.095,4591.445,4586.748,4587.515,0.1093
1768292100000,2026-01-13,08:15:00,4587.148,4587.565,4584.615,4587.155,0.095
1768292400000,2026-01-13,08:20:00,4587.125,4589.665,4586.419,4589.315,0.0995
1768292700000,2026-01-13,08:25:00,4589.275,4592.425,4588.585,4589.905,0.1329
1768293000000,2026-01-13,08:30:00,4589.935,4593.495,4589.115,4593.365,0.1249
1768293300000,2026-01-13,08:35:00,4593.355,4596.855,4593.355,4595.125,0.1752
1768293600000,2026-01-13,08:40:00,4595.095,4595.985,4592.345,4593.215,0.131
1768293900000,2026-01-13,08:45:00,4593.278,4595.245,4592.158,4593.505,0.0977
1768294200000,2026-01-13,08:50:00,4593.518,4594.175,4592.345,4592.925,0.0829
1768294500000,2026-01-13,08:55:00,4592.965,4593.265,4591.575,4592.555,0.1013
1768294800000,2026-01-13,09:00:00,4592.585,4594.025,4589.258,4590.905,0.1759
1768295100000,2026-01-13,09:05:00,4590.885,4595.515,4590.425,4594.615,0.0691
1768295400000,2026-01-13,09:10:00,4594.635,4594.855,4593.425,4593.835,0.0761
1768295700000,2026-01-13,09:15:00,4593.805,4594.825,4591.365,4592.375,0.0905
1768296000000,2026-01-13,09:20:00,4592.355,4592.765,4589.398,4589.598,0.2079
1768296300000,2026-01-13,09:25:00,4589.568,4589.698,4587.709,4588.798,0.1775
1768296600000,2026-01-13,09:30:00,4588.798,4589.708,4587.998,4588.929,0.2246
1768296900000,2026-01-13,09:35:00,4588.929,4590.285,4587.798,4590.045,0.1264
1768297200000,2026-01-13,09:40:00,4590.075,4591.855,4586.355,4590.445,0.1707
1768297500000,2026-01-13,09:45:00,4590.425,4590.735,4587.248,4587.848,0.1125
1768297800000,2026-01-13,09:50:00,4587.748,4588.275,4585.548,4585.648,0.1078
1768298100000,2026-01-13,09:55:00,4585.578,4587.185,4585.368,4585.698,0.1043
1768298400000,2026-01-13,10:00:00,4585.948,4586.698,4583,4583,0.0921
1768298700000,2026-01-13,10:05:00,4583,4583.948,4582.315,4583.375,0.0763
1768299000000,2026-01-13,10:10:00,4583.345,4583.855,4580.065,4583.335,0.1197
1768299300000,2026-01-13,10:15:00,4583.315,4583.445,4580.765,4583.335,0.0966
1768299600000,2026-01-13,10:20:00,4583.315,4586.115,4582.655,4583.615,0.0809
1768299900000,2026-01-13,10:25:00,4583.575,4585.778,4583.528,4584.348,0.1958
1768300200000,2026-01-13,10:30:00,4584.149,4584.158,4581.358,4582.938,0.126
1768300500000,2026-01-13,10:35:00,4582.948,4584.918,4581.428,4584.618,0.1922
1768300800000,2026-01-13,10:40:00,4584.618,4588.115,4584.555,4587.015,0.1061
1768301100000,2026-01-13,10:45:00,4587.035,4587.065,4585.755,4585.835,0.0404
1768301400000,2026-01-13,10:50:00,4585.795,4587.085,4585,4585.805,0.0675
1768301700000,2026-01-13,10:55:00,4585.755,4586.615,4585.285,4586.145,0.0865
1768302000000,2026-01-13,11:00:00,4586.105,4588.735,4585.975,4585.995,0.0706
1768302300000,2026-01-13,11:05:00,4586.025,4587.165,4585.585,4585.875,0.0625
1768302600000,2026-01-13,11:10:00,4585.598,4586.845,4584.625,4584.655,0.0829
1768302900000,2026-01-13,11:15:00,4584.635,4586.215,4581.905,4584.185,0.1227
1768303200000,2026-01-13,11:20:00,4584.108,4586.255,4584.005,4585.005,0.0732
1768303500000,2026-01-13,11:25:00,4585.035,4588.975,4584.975,4586.505,0.1201
1768303800000,2026-01-13,11:30:00,4586.478,4586.775,4585.145,4586.215,0.0453
1768304100000,2026-01-13,11:35:00,4586.375,4586.685,4584.865,4586.125,0.0575
1768304400000,2026-01-13,11:40:00,4586.085,4589.645,4585.645,4589.645,0.0689
1768304700000,2026-01-13,11:45:00,4589.595,4591.185,4587.145,4588.315,0.0959
1768305000000,2026-01-13,11:50:00,4588.345,4591.915,4586.265,4586.455,0.1168
1768305300000,2026-01-13,11:55:00,4586.565,4588.775,4586.075,4588.365,0.1271
1768305600000,2026-01-13,12:00:00,4588.435,4588.995,4587.115,4587.605,0.1143
1768305900000,2026-01-13,12:05:00,4587.575,4587.685,4584.485,4585.575,0.0845
1768306200000,2026-01-13,12:10:00,4585.545,4586.025,4582.945,4583.335,0.1029
1768306500000,2026-01-13,12:15:00,4583.355,4584.508,4582.875,4583.615,0.0587
1768306800000,2026-01-13,12:20:00,4583.455,4583.805,4579.085,4579.575,0.0915
1768307100000,2026-01-13,12:25:00,4579.485,4580.735,4577.615,4580.235,0.1247
1768307400000,2026-01-13,12:30:00,4580.195,4580.715,4579.075,4579.895,0.0917
1768307700000,2026-01-13,12:35:00,4579.825,4584.535,4579.585,4583.735,0.0903
1768308000000,2026-01-13,12:40:00,4583.765,4586.095,4583.615,4585.695,0.0618
1768308300000,2026-01-13,12:45:00,4585.585,4589.935,4585.315,4589.785,0.074
1768308600000,2026-01-13,12:50:00,4589.755,4593.275,4589.275,4590.975,0.1211
1768308900000,2026-01-13,12:55:00,4590.995,4595.035,4590.815,4593.045,0.1304
1768309200000,2026-01-13,13:00:00,4592.995,4596.495,4590.405,4594.115,0.3011
1768309500000,2026-01-13,13:05:00,4594.025,4598.545,4593.455,4598.545,0.2156
1768309800000,2026-01-13,13:10:00,4598.545,4606.105,4596.505,4602.309,0.3174
1768310100000,2026-01-13,13:15:00,4602.309,4605.475,4600.275,4601.085,0.304
1768310400000,2026-01-13,13:20:00,4601.069,4606.225,4598.915,4605.155,0.7586
1768310700000,2026-01-13,13:25:00,4605.205,4605.205,4599.405,4600.155,0.6705
1768311000000,2026-01-13,13:30:00,4599.915,4614.175,4599.905,4613.005,0.3652
1768311300000,2026-01-13,13:35:00,4613.358,4615.978,4609.005,4613.798,0.3631
1768311600000,2026-01-13,13:40:00,4613.808,4620.105,4612.308,4617.615,0.3283
1768311900000,2026-01-13,13:45:00,4617.548,4620.548,4614.735,4617.245,0.3624
1768312200000,2026-01-13,13:50:00,4617.745,4618.715,4612.128,4613.008,0.4299
1768312500000,2026-01-13,13:55:00,4612.998,4613.008,4606.798,4611.145,0.4413
1768312800000,2026-01-13,14:00:00,4611.165,4612.638,4608.695,4610.985,0.2494
1768313100000,2026-01-13,14:05:00,4610.965,4616.515,4610.285,4613.955,0.2758
1768313400000,2026-01-13,14:10:00,4614.205,4618.728,4611.958,4618.415,0.2766
1768313700000,2026-01-13,14:15:00,4618.325,4618.565,4614.418,4614.418,0.3543
1768314000000,2026-01-13,14:20:00,4614.418,4623.448,4614.418,4621.808,0.512
1768314300000,2026-01-13,14:25:00,4621.898,4622.448,4618.118,4618.118,0.3885
1768314600000,2026-01-13,14:30:00,4618.118,4621.048,4611.495,4614.915,1.0563
1768314900000,2026-01-13,14:35:00,4615.285,4620.555,4612.888,4616.735,0.7998
1768315200000,2026-01-13,14:40:00,4616.515,4625.788,4615.395,4625.645,0.4277
1768315500000,2026-01-13,14:45:00,4625.645,4633.898,4624.498,4633.345,0.4884
1768315800000,2026-01-13,14:50:00,4633.365,4634.285,4622.475,4623.775,0.3874
1768316100000,2026-01-13,14:55:00,4623.855,4632.725,4622.575,4629.065,0.3211
1768316400000,2026-01-13,15:00:00,4629.075,4629.555,4613.998,4618.948,0.3969
1768316700000,2026-01-13,15:05:00,4618.855,4622.175,4616.625,4619.115,0.3796
1768317000000,2026-01-13,15:10:00,4619.075,4624.265,4617.325,4621.185,0.3207
1768317300000,2026-01-13,15:15:00,4620.975,4623.055,4602.965,4606.525,0.593
1768317600000,2026-01-13,15:20:00,4606.565,4610.405,4600.415,4603.875,1.2633
1768317900000,2026-01-13,15:25:00,4603.935,4610.405,4602.905,4608.405,0.3934
1768318200000,2026-01-13,15:30:00,4608.525,4613.755,4605,4612.385,0.2962
1768318500000,2026-01-13,15:35:00,4612.445,4613.095,4605,4608.955,0.3032
1768318800000,2026-01-13,15:40:00,4608.925,4616.105,4606.048,4614.555,0.3602
1768319100000,2026-01-13,15:45:00,4614.535,4617.898,4613.755,4615.148,0.2803
1768319400000,2026-01-13,15:50:00,4615.035,4619.098,4612.535,4615.415,0.3186
1768319700000,2026-01-13,15:55:00,4615.465,4620.445,4614.415,4618.905,0.261
1768320000000,2026-01-13,16:00:00,4618.885,4620.445,4612.168,4612.348,0.2314
1768320300000,2026-01-13,16:05:00,4612.348,4614.148,4606.298,4606.975,0.3643
1768320600000,2026-01-13,16:10:00,4606.948,4613.865,4606.405,4612.275,0.3738
1768320900000,2026-01-13,16:15:00,4612.345,4612.695,4606.735,4609.295,0.2841
1768321200000,2026-01-13,16:20:00,4609.335,4610.215,4603.478,4605.585,1.1278
1768321500000,2026-01-13,16:25:00,4605.555,4606.085,4592.775,4598.275,0.8401
1768321800000,2026-01-13,16:30:00,4598.235,4606.355,4596.425,4605.395,0.3722
1768322100000,2026-01-13,16:35:00,4605.395,4607.095,4600.685,4607.095,0.2233
1768322400000,2026-01-13,16:40:00,4607.115,4609.078,4605.795,4608.478,0.261
1768322700000,2026-01-13,16:45:00,4608.478,4611.665,4606.975,4610.665,0.1843
1768323000000,2026-01-13,16:50:00,4610.625,4613.098,4609.725,4612.325,0.2039
1768323300000,2026-01-13,16:55:00,4612.365,4613.595,4610.625,4613.045,0.1893
1768323600000,2026-01-13,17:00:00,4612.985,4615.725,4612.985,4613.105,0.1742
1768323900000,2026-01-13,17:05:00,4613.135,4614.465,4610.498,4611.085,0.1939
1768324200000,2026-01-13,17:10:00,4611.055,4611.845,4606.315,4608.145,0.18
1768324500000,2026-01-13,17:15:00,4608.145,4610.575,4606.125,4610.045,0.178
1768324800000,2026-01-13,17:20:00,4610.115,4612.345,4609.055,4611.945,0.1457
1768325100000,2026-01-13,17:25:00,4611.815,4611.815,4606.235,4609.515,0.1795
1768325400000,2026-01-13,17:30:00,4609.475,4610.805,4602.975,4609.685,0.2347
1768325700000,2026-01-13,17:35:00,4609.725,4611.735,4607.505,4609.515,0.1682
1768326000000,2026-01-13,17:40:00,4609.435,4610.155,4603.795,4604.175,0.2213
1768326300000,2026-01-13,17:45:00,4604.108,4606.745,4601.295,4601.715,0.2816
1768326600000,2026-01-13,17:50:00,4601.755,4601.895,4596.655,4599.835,0.302
1768326900000,2026-01-13,17:55:00,4600.098,4600.198,4586.348,4590.255,0.3376
1768327200000,2026-01-13,18:00:00,4590.255,4593.615,4585.485,4588.365,0.5282
1768327500000,2026-01-13,18:05:00,4588.355,4594.095,4586.375,4592.465,1.2802
1768327800000,2026-01-13,18:10:00,4592.485,4594.055,4590.685,4593.958,0.9374
1768328100000,2026-01-13,18:15:00,4593.965,4594.725,4583.508,4585.648,0.4098
1768328400000,2026-01-13,18:20:00,4585.648,4588.995,4580.835,4588.145,0.4158
1768328700000,2026-01-13,18:25:00,4588.105,4592.455,4588.035,4591.585,0.3123
1768329000000,2026-01-13,18:30:00,4591.515,4594.635,4589.575,4593.105,0.2396
1768329300000,2026-01-13,18:35:00,4593.335,4599.185,4593.075,4598.855,0.2733
1768329600000,2026-01-13,18:40:00,4598.885,4600.498,4597.865,4599.985,0.2397
1768329900000,2026-01-13,18:45:00,4600.015,4601.735,4599.298,4599.545,0.2576
1768330200000,2026-01-13,18:50:00,4599.615,4600.008,4597.408,4599.215,0.349
1768330500000,2026-01-13,18:55:00,4599.145,4599.195,4593.748,4593.758,0.2577
1768330800000,2026-01-13,19:00:00,4593.758,4593.795,4583.985,4587.225,0.3344
1768331100000,2026-01-13,19:05:00,4587.265,4594.425,4585.965,4593.195,0.2564
1768331400000,2026-01-13,19:10:00,4593.155,4595.615,4590.405,4595.335,0.2079
1768331700000,2026-01-13,19:15:00,4595.335,4597.015,4584.385,4590.815,0.2267
1768332000000,2026-01-13,19:20:00,4590.815,4593.248,4590.708,4592.425,0.1511
1768332300000,2026-01-13,19:25:00,4592.465,4594.855,4592.355,4593.075,0.1601
1768332600000,2026-01-13,19:30:00,4593.075,4596.435,4592.275,4595.805,0.161
1768332900000,2026-01-13,19:35:00,4595.685,4598.425,4592.648,4598.225,0.1559
1768333200000,2026-01-13,19:40:00,4598.225,4598.765,4593.685,4595.785,0.1687
1768333500000,2026-01-13,19:45:00,4595.955,4596.055,4590.425,4592.515,0.1953
1768333800000,2026-01-13,19:50:00,4592.495,4595.815,4592.235,4595.595,0.1489
1768334100000,2026-01-13,19:55:00,4595.635,4598.745,4595.555,4597.305,0.1575
1768334400000,2026-01-13,20:00:00,4597.325,4597.555,4589.995,4591.979,0.2588
1768334700000,2026-01-13,20:05:00,4591.965,4594.265,4590.048,4591.915,0.2287
1768335000000,2026-01-13,20:10:00,4591.875,4594.195,4591.415,4592.695,0.203
1768335300000,2026-01-13,20:15:00,4592.725,4595.035,4590.495,4594.345,0.3494
1768335600000,2026-01-13,20:20:00,4594.375,4594.865,4591.098,4592.498,0.6708
1768335900000,2026-01-13,20:25:00,4592.498,4593.365,4587.385,4588.675,0.527
1768336200000,2026-01-13,20:30:00,4588.555,4588.899,4570.895,4572.075,0.4031
1768336500000,2026-01-13,20:35:00,4572.045,4579.305,4569.185,4576.408,0.3426
1768336800000,2026-01-13,20:40:00,4576.378,4587.055,4574.535,4584.848,0.3808
1768337100000,2026-01-13,20:45:00,4584.865,4589.009,4583.165,4588.705,0.3328
1768337400000,2026-01-13,20:50:00,4588.705,4588.955,4583.265,4586.355,0.2865
1768337700000,2026-01-13,20:55:00,4586.229,4586.745,4582.145,4585.718,0.4328
1768338000000,2026-01-13,21:00:00,4585.995,4589.048,4584.845,4587.258,0.1634
1768338300000,2026-01-13,21:05:00,4587.258,4588.015,4585.775,4586.015,0.0712
1768338600000,2026-01-13,21:10:00,4586.015,4587.075,4583.175,4583.188,0.061
1768338900000,2026-01-13,21:15:00,4583.215,4586.588,4582.508,4585.735,0.1032
1768339200000,2026-01-13,21:20:00,4585.698,4587.005,4585.355,4586.615,0.0772
1768339500000,2026-01-13,21:25:00,4586.615,4589.145,4586.225,4587.575,0.1114
1768339800000,2026-01-13,21:30:00,4587.565,4588.245,4585.645,4586.939,0.0821
1768340100000,2026-01-13,21:35:00,4587.005,4589.175,4585.325,4587.405,0.0969
1768340400000,2026-01-13,21:40:00,4587.368,4588.865,4586.315,4588.665,0.0668
1768340700000,2026-01-13,21:45:00,4588.685,4589.585,4587.135,4587.695,0.0625
1768341000000,2026-01-13,21:50:00,4587.695,4587.995,4586.585,4586.855,0.0462
1768341300000,2026-01-13,21:55:00,4586.908,4587.185,4585.325,4585.655,0.0689
1768345200000,2026-01-13,23:00:00,4586.165,4591.948,4586.165,4591.098,0.1008
1768345500000,2026-01-13,23:05:00,4590.998,4594.698,4590.298,4592.298,0.0822
1768345800000,2026-01-13,23:10:00,4592.345,4595.615,4592.208,4595.585,0.0755
1768346100000,2026-01-13,23:15:00,4595.615,4596.425,4592.745,4594.495,0.0642
1768346400000,2026-01-13,23:20:00,4594.535,4595.945,4593.935,4595.945,0.0526
1768346700000,2026-01-13,23:25:00,4595.885,4597.565,4595.835,4596.915,0.0784
1768347000000,2026-01-13,23:30:00,4596.885,4596.895,4594.395,4595.405,0.086
1768347300000,2026-01-13,23:35:00,4595.455,4596.385,4594.445,4596.385,0.0698
1768347600000,2026-01-13,23:40:00,4596.345,4596.345,4592.805,4594.045,0.0679
1768347900000,2026-01-13,23:45:00,4594.015,4596.015,4593.488,4595.925,0.0559
1768348200000,2026-01-13,23:50:00,4595.905,4597.255,4594.275,4597.005,0.0398
1768348500000,2026-01-13,23:55:00,4596.975,4598.655,4596.558,4596.805,0.0674
1768348800000,2026-01-14,00:00:00,4596.795,4603.555,4596.745,4603.295,0.1006
1768349100000,2026-01-14,00:05:00,4603.265,4607.535,4601.825,4606.295,0.1109
1768349400000,2026-01-14,00:10:00,4606.315,4606.685,4604.435,4604.885,0.0902
1768349700000,2026-01-14,00:15:00,4604.835,4607.245,4604.715,4605.355,0.084
1768350000000,2026-01-14,00:20:00,4605.475,4605.955,4602.725,4603.225,0.0948
1768350300000,2026-01-14,00:25:00,4603.198,4610.375,4602.955,4609.465,0.1221
1768350600000,2026-01-14,00:30:00,4609.485,4609.945,4607.545,4608.215,0.1194
1768350900000,2026-01-14,00:35:00,4608.215,4608.925,4606.698,4607.815,0.0902
1768351200000,2026-01-14,00:40:00,4607.845,4610.455,4607.465,4608.465,0.0769
1768351500000,2026-01-14,00:45:00,4608.495,4608.705,4604.665,4605.045,0.1235
1768351800000,2026-01-14,00:50:00,4605.025,4607.195,4604.475,4605.985,0.1303
1768352100000,2026-01-14,00:55:00,4605.815,4610.245,4605.525,4608.898,0.1486
1768352400000,2026-01-14,01:00:00,4608.995,4615.635,4605.875,4615.235,0.2835
1768352700000,2026-01-14,01:05:00,4615.275,4615.815,4611.085,4611.085,0.2116
1768353000000,2026-01-14,01:10:00,4611.065,4616.885,4610.215,4615.225,0.1876
1768353300000,2026-01-14,01:15:00,4615.205,4617.995,4612.745,4617.095,0.2137
1768353600000,2026-01-14,01:20:00,4617.135,4618.425,4611.865,4612.125,0.1609
1768353900000,2026-01-14,01:25:00,4612.105,4616.325,4611.695,4614.375,0.1561
1768354200000,2026-01-14,01:30:00,4614.345,4616.498,4613.195,4614.705,0.1876
1768354500000,2026-01-14,01:35:00,4614.605,4618.135,4613.805,4617.655,0.207
1768354800000,2026-01-14,01:40:00,4617.675,4618.585,4614.145,4614.435,0.2371
1768355100000,2026-01-14,01:45:00,4614.465,4617.995,4613.348,4613.605,0.1971
1768355400000,2026-01-14,01:50:00,4613.565,4619.605,4613.355,4619.285,0.1919
1768355700000,2026-01-14,01:55:00,4619.265,4619.765,4618.445,4619.025,0.1598
1768356000000,2026-01-14,02:00:00,4619.055,4620.695,4616.785,4617.965,0.2004
1768356300000,2026-01-14,02:05:00,4617.935,4620.345,4613.935,4614.455,0.2079
1768356600000,2026-01-14,02:10:00,4614.395,4619.355,4614.245,4618.125,0.1769
1768356900000,2026-01-14,02:15:00,4618.185,4619.035,4616.425,4617.745,0.1146
1768357200000,2026-01-14,02:20:00,4617.765,4621.175,4617.665,4620.655,0.1328
1768357500000,2026-01-14,02:25:00,4620.675,4620.935,4619.565,4619.865,0.0867
1768357800000,2026-01-14,02:30:00,4620.075,4622.325,4617.835,4618.745,0.1788
1768358100000,2026-01-14,02:35:00,4618.765,4621.885,4618.245,4620.725,0.1879
1768358400000,2026-01-14,02:40:00,4620.745,4622.105,4620.605,4621.235,0.1722
1768358700000,2026-01-14,02:45:00,4621.195,4623.535,4617.965,4621.438,0.1628
1768359000000,2026-01-14,02:50:00,4621.438,4621.875,4619.015,4619.748,0.1995
1768359300000,2026-01-14,02:55:00,4619.748,4621.898,4619.525,4620.325,0.1303
1768359600000,2026-01-14,03:00:00,4620.305,4622.598,4620.035,4622.005,0.1141
1768359900000,2026-01-14,03:05:00,4621.975,4622.298,4618.835,4618.895,0.1366
1768360200000,2026-01-14,03:10:00,4618.865,4619.995,4617.575,4617.975,0.1388
1768360500000,2026-01-14,03:15:00,4618.085,4621.515,4617.565,4620.795,0.1299
1768360800000,2026-01-14,03:20:00,4620.675,4621.115,4618.285,4618.575,0.0805
1768361100000,2026-01-14,03:25:00,4618.645,4619.555,4613.095,4614.965,0.2267
1768361400000,2026-01-14,03:30:00,4614.995,4620.925,4614.735,4620.925,0.0948
1768361700000,2026-01-14,03:35:00,4620.885,4625.335,4620.245,4624.375,0.074
1768362000000,2026-01-14,03:40:00,4624.395,4624.415,4622.285,4623.848,0.1007
1768362300000,2026-01-14,03:45:00,4623.848,4624.715,4622.885,4623.865,0.1109
1768362600000,2026-01-14,03:50:00,4623.895,4627.545,4623.685,4627.265,0.1136
1768362900000,2026-01-14,03:55:00,4627.245,4629.865,4625.245,4627.955,0.168
1768363200000,2026-01-14,04:00:00,4627.975,4630.135,4627.595,4628.675,0.129
1768363500000,2026-01-14,04:05:00,4628.625,4629.005,4627.308,4627.935,0.1034
1768363800000,2026-01-14,04:10:00,4627.955,4628.535,4626.625,4627.265,0.1003
1768364100000,2026-01-14,04:15:00,4627.215,4629.905,4627.115,4628.465,0.1166
1768364400000,2026-01-14,04:20:00,4628.445,4628.485,4625.925,4626.805,0.113
1768364700000,2026-01-14,04:25:00,4626.775,4627.215,4625.015,4626.355,0.1155
1768365000000,2026-01-14,04:30:00,4626.405,4628.285,4625.195,4628.115,0.1607
1768365300000,2026-01-14,04:35:00,4628.115,4629.695,4627.645,4628.725,0.1709
1768365600000,2026-01-14,04:40:00,4628.645,4629.025,4627.735,4627.845,0.0707
1768365900000,2026-01-14,04:45:00,4627.785,4629.645,4626.735,4629.005,0.1274
1768366200000,2026-01-14,04:50:00,4629.025,4630.215,4627.985,4629.505,0.1292
1768366500000,2026-01-14,04:55:00,4629.525,4630.175,4627.615,4629.015,0.1201
1768366800000,2026-01-14,05:00:00,4629.075,4639.465,4629.075,4638.355,0.1742
1768367100000,2026-01-14,05:05:00,4638.335,4638.495,4634.198,4634.848,0.3992
1768367400000,2026-01-14,05:10:00,4634.895,4635.925,4632.885,4633.675,0.158
1768367700000,2026-01-14,05:15:00,4633.625,4635.145,4631.575,4632.485,0.1286
1768368000000,2026-01-14,05:20:00,4632.465,4633.698,4630.648,4633.435,0.1218
1768368300000,2026-01-14,05:25:00,4633.495,4635.225,4632.295,4633.898,0.1399
1768368600000,2026-01-14,05:30:00,4633.898,4639.535,4631.498,4638.155,0.2877
1768368900000,2026-01-14,05:35:00,4638.195,4638.325,4635.345,4636.735,0.1779
1768369200000,2026-01-14,05:40:00,4636.595,4638.905,4635.065,4636.205,0.1685
1768369500000,2026-01-14,05:45:00,4636.175,4639.405,4634.725,4639.285,0.1494
1768369800000,2026-01-14,05:50:00,4639.285,4639.285,4633.425,4633.845,0.1729
1768370100000,2026-01-14,05:55:00,4634.055,4634.055,4617.685,4619.565,0.3525
1768370400000,2026-01-14,06:00:00,4619.605,4626.588,4618.305,4626.535,0.3241
1768370700000,2026-01-14,06:05:00,4626.525,4628.648,4623.035,4625.755,0.345
1768371000000,2026-01-14,06:10:00,4625.795,4634.835,4624.625,4633.235,0.2188
1768371300000,2026-01-14,06:15:00,4633.195,4634.225,4631.595,4632.815,0.1906
1768371600000,2026-01-14,06:20:00,4632.865,4634.735,4630.665,4634.535,0.1934
1768371900000,2026-01-14,06:25:00,4634.525,4635.065,4632.265,4632.765,0.1867
1768372200000,2026-01-14,06:30:00,4632.785,4633.048,4626.085,4626.265,0.225
1768372500000,2026-01-14,06:35:00,4626.195,4630.905,4625.965,4629.115,0.1785
1768372800000,2026-01-14,06:40:00,4629.085,4631.825,4628.215,4630.385,0.1556
1768373100000,2026-01-14,06:45:00,4630.485,4634.525,4630.485,4631.675,0.1491
1768373400000,2026-01-14,06:50:00,4631.625,4633.545,4630.515,4633.485,0.1807
1768373700000,2026-01-14,06:55:00,4633.475,4637.065,4633.125,4637.045,0.2018
1768374000000,2026-01-14,07:00:00,4637.055,4638.215,4632.275,4634.305,0.1729
1768374300000,2026-01-14,07:05:00,4634.345,4634.885,4631.845,4631.875,0.0816
1768374600000,2026-01-14,07:10:00,4631.835,4634.185,4631.355,4632.645,0.0774
1768374900000,2026-01-14,07:15:00,4632.635,4635.485,4631.895,4634.605,0.1213
1768375200000,2026-01-14,07:20:00,4634.485,4638.688,4632.838,4637.675,0.4147
1768375500000,2026-01-14,07:25:00,4637.705,4639.495,4636.405,4636.975,0.117
1768375800000,2026-01-14,07:30:00,4636.895,4636.955,4633.675,4635.985,0.1243
1768376100000,2026-01-14,07:35:00,4636.005,4638.035,4635.855,4636.375,0.0562
1768376400000,2026-01-14,07:40:00,4636.415,4638.175,4634.945,4636.555,0.0751
1768376700000,2026-01-14,07:45:00,4636.525,4637.515,4634.215,4636.075,0.1028
1768377000000,2026-01-14,07:50:00,4636.035,4636.935,4633.098,4633.695,0.0778
1768377300000,2026-01-14,07:55:00,4633.678,4633.955,4632.138,4632.145,0.1523
1768377600000,2026-01-14,08:00:00,4632.125,4633.945,4630.375,4630.965,0.175
1768377900000,2026-01-14,08:05:00,4630.935,4631.405,4624.135,4624.135,0.1805
1768378200000,2026-01-14,08:10:00,4624.085,4627.425,4623.335,4627.125,0.1374
1768378500000,2026-01-14,08:15:00,4627.175,4627.478,4623.985,4624.645,0.1233
1768378800000,2026-01-14,08:20:00,4624.625,4628.555,4622.645,4627.575,0.1645
1768379100000,2026-01-14,08:25:00,4627.555,4627.845,4621.265,4624.935,0.2024
1768379400000,2026-01-14,08:30:00,4624.845,4629.435,4624.305,4629.435,0.1197
1768379700000,2026-01-14,08:35:00,4629.405,4630.855,4628.275,4630.715,0.1192
1768380000000,2026-01-14,08:40:00,4630.555,4632.415,4629.825,4632.175,0.1357
1768380300000,2026-01-14,08:45:00,4632.145,4637.685,4631.495,4635.175,0.1619
1768380600000,2026-01-14,08:50:00,4635.175,4636.315,4633.435,4634.585,0.0989
1768380900000,2026-01-14,08:55:00,4634.635,4635.095,4632.585,4634.775,0.1219
1768381200000,2026-01-14,09:00:00,4634.545,4634.895,4633.045,4634.265,0.104
1768381500000,2026-01-14,09:05:00,4634.195,4638.625,4634.185,4637.865,0.1246
1768381800000,2026-01-14,09:10:00,4637.905,4639.105,4635.075,4638.305,0.1253
1768382100000,2026-01-14,09:15:00,4638.325,4639.425,4637.548,4638.825,0.1424
1768382400000,2026-01-14,09:20:00,4638.795,4639.205,4636.125,4637.045,0.0958
1768382700000,2026-01-14,09:25:00,4637.035,4637.755,4636.225,4637.248,0.1059
1768383000000,2026-01-14,09:30:00,4637.275,4637.525,4633.448,4633.548,0.1219
1768383300000,2026-01-14,09:35:00,4633.548,4633.548,4629.748,4629.965,0.1368
1768383600000,2026-01-14,09:40:00,4629.995,4630.285,4626.948,4627.358,0.1527
1768383900000,2026-01-14,09:45:00,4627.348,4629.748,4626.815,4629.455,0.1461
1768384200000,2026-01-14,09:50:00,4629.465,4631.555,4628.155,4629.405,0.1105
1768384500000,2026-01-14,09:55:00,4629.445,4630.845,4627.645,4630.345,0.1343
1768384800000,2026-01-14,10:00:00,4630.335,4630.975,4627.605,4630.795,0.1259
1768385100000,2026-01-14,10:05:00,4630.795,4632.285,4628.845,4629.605,0.0711
1768385400000,2026-01-14,10:10:00,4629.635,4631.748,4627.885,4631.398,0.1002
1768385700000,2026-01-14,10:15:00,4631.445,4634.745,4631.445,4634.575,0.0812
1768386000000,2026-01-14,10:20:00,4634.665,4635.815,4631.965,4632.455,0.0976
1768386300000,2026-01-14,10:25:00,4632.435,4636.765,4632.435,4634.785,0.0931
1768386600000,2026-01-14,10:30:00,4634.745,4635.385,4632.085,4634.975,0.1105
1768386900000,2026-01-14,10:35:00,4634.995,4636.475,4633.385,4636.275,0.0726
1768387200000,2026-01-14,10:40:00,4636.245,4638.015,4635.615,4635.625,0.1193
1768387500000,2026-01-14,10:45:00,4635.665,4636.425,4632.985,4633.505,0.1154
1768387800000,2026-01-14,10:50:00,4633.485,4635.765,4632.845,4633.115,0.1487
1768388100000,2026-01-14,10:55:00,4633.145,4633.315,4631.075,4632.885,0.1276
1768388400000,2026-01-14,11:00:00,4632.945,4635.305,4630.025,4635.065,0.1305
1768388700000,2026-01-14,11:05:00,4635.045,4636.255,4633.448,4634.838,0.1248
1768389000000,2026-01-14,11:10:00,4634.848,4636.185,4634.128,4635.285,0.0914
1768389300000,2026-01-14,11:15:00,4635.305,4637.315,4634.485,4634.635,0.1071
1768389600000,2026-01-14,11:20:00,4634.665,4635.585,4632.975,4634.965,0.1061
1768389900000,2026-01-14,11:25:00,4634.995,4636.295,4628.938,4629.925,0.1798
1768390200000,2026-01-14,11:30:00,4629.995,4632.615,4627.115,4627.615,0.1374
1768390500000,2026-01-14,11:35:00,4627.645,4630.608,4627.525,4629.765,0.0778
1768390800000,2026-01-14,11:40:00,4629.825,4631.325,4629.588,4630.535,0.1325
1768391100000,2026-01-14,11:45:00,4630.455,4631.315,4628.118,4629.225,0.0744
1768391400000,2026-01-14,11:50:00,4629.145,4630.655,4625.795,4628.995,0.1236
1768391700000,2026-01-14,11:55:00,4629.065,4631.325,4627.375,4630.145,0.1179
1768392000000,2026-01-14,12:00:00,4630.375,4637.435,4630.055,4634.565,0.2193
1768392300000,2026-01-14,12:05:00,4634.605,4637.955,4634.605,4636.895,0.153
1768392600000,2026-01-14,12:10:00,4636.895,4638.315,4634.915,4635.575,0.1493
1768392900000,2026-01-14,12:15:00,4635.515,4636.575,4633.815,4635.845,0.1188
1768393200000,2026-01-14,12:20:00,4635.845,4638.565,4634.165,4638.495,0.1092
1768393500000,2026-01-14,12:25:00,4638.555,4638.755,4635.335,4635.945,0.1006
1768393800000,2026-01-14,12:30:00,4635.895,4638.065,4635.275,4635.515,0.1775
1768394100000,2026-01-14,12:35:00,4635.565,4636.715,4634.215,4635.175,0.1434
1768394400000,2026-01-14,12:40:00,4635.155,4636.315,4633.695,4634.208,0.1468
1768394700000,2026-01-14,12:45:00,4634.208,4635.925,4633.355,4635.775,0.1353
1768395000000,2026-01-14,12:50:00,4635.815,4636.515,4634.605,4636.115,0.1096
1768395300000,2026-01-14,12:55:00,4636.175,4641.595,4634.418,4638.455,0.1958
1768395600000,2026-01-14,13:00:00,4638.485,4641.395,4632.375,4634.945,0.2978
1768395900000,2026-01-14,13:05:00,4634.965,4635.085,4629.385,4629.485,0.2606
1768396200000,2026-01-14,13:10:00,4629.455,4632.755,4627.035,4628.395,0.2637
1768396500000,2026-01-14,13:15:00,4628.199,4631.625,4627.435,4628.215,0.289
1768396800000,2026-01-14,13:20:00,4628.858,4635.135,4627.305,4634.895,0.2171
1768397100000,2026-01-14,13:25:00,4634.845,4634.845,4627.815,4631.155,0.1965
1768397400000,2026-01-14,13:30:00,4631.165,4633.525,4623.645,4629.895,0.2795
1768397700000,2026-01-14,13:35:00,4629.825,4632.895,4624.805,4632.845,0.2985
1768398000000,2026-01-14,13:40:00,4632.865,4637.135,4630.825,4636.665,0.2381
1768398300000,2026-01-14,13:45:00,4636.745,4636.835,4633.805,4633.805,0.1991
1768398600000,2026-01-14,13:50:00,4633.915,4635.775,4629.225,4635.365,0.2045
1768398900000,2026-01-14,13:55:00,4635.445,4636.405,4633.775,4635.495,0.1739
1768399200000,2026-01-14,14:00:00,4635.535,4638.765,4632.915,4635.945,0.2158
1768399500000,2026-01-14,14:05:00,4635.915,4637.205,4629.495,4632.885,0.1982
1768399800000,2026-01-14,14:10:00,4632.925,4634.925,4630.245,4634.075,0.1846
1768400100000,2026-01-14,14:15:00,4634.135,4635.275,4630.815,4634.925,0.2094
1768400400000,2026-01-14,14:20:00,4634.905,4637.855,4634.845,4636.045,0.1931
1768400700000,2026-01-14,14:25:00,4635.995,4636.045,4632.695,4635.185,0.2067
1768401000000,2026-01-14,14:30:00,4634.888,4634.888,4625.795,4629.305,0.3453
1768401300000,2026-01-14,14:35:00,4629.275,4629.725,4617.065,4618.425,0.3583
1768401600000,2026-01-14,14:40:00,4618.395,4623.925,4613.945,4618.765,0.3826
1768401900000,2026-01-14,14:45:00,4618.645,4620.475,4607.135,4607.495,0.5466
1768402200000,2026-01-14,14:50:00,4607.425,4617.315,4606.655,4615.335,0.4462
1768402500000,2026-01-14,14:55:00,4615.295,4618.955,4613.365,4617.035,0.7623
1768402800000,2026-01-14,15:00:00,4616.958,4616.958,4602.615,4605.385,0.4461
1768403100000,2026-01-14,15:05:00,4605.415,4610.745,4599.165,4604.678,0.4751
1768403400000,2026-01-14,15:10:00,4604.705,4616.428,4603.325,4615.515,0.4106
1768403700000,2026-01-14,15:15:00,4615.465,4622.965,4614.045,4621.705,0.3151
1768404000000,2026-01-14,15:20:00,4621.705,4626.415,4619.045,4623.415,0.3119
1768404300000,2026-01-14,15:25:00,4623.575,4624.775,4614.125,4615.325,0.3254
1768404600000,2026-01-14,15:30:00,4615.135,4619.075,4609.595,4610.085,0.3175
1768404900000,2026-01-14,15:35:00,4610.165,4620.085,4609.885,4619.945,0.3112
1768405200000,2026-01-14,15:40:00,4619.965,4621.735,4611.315,4612.885,0.2696
1768405500000,2026-01-14,15:45:00,4612.865,4617.265,4611.675,4613.065,0.2774
1768405800000,2026-01-14,15:50:00,4613.015,4615.065,4610.335,4614.998,0.3486
1768406100000,2026-01-14,15:55:00,4614.875,4619.175,4614.855,4617.715,0.253
1768406400000,2026-01-14,16:00:00,4617.735,4620.765,4615.355,4618.118,0.2339
1768406700000,2026-01-14,16:05:00,4618.405,4621.405,4615.545,4615.905,0.2366
1768407000000,2026-01-14,16:10:00,4615.965,4619.565,4614.755,4617.675,0.2343
1768407300000,2026-01-14,16:15:00,4617.535,4621.115,4616.175,4620.765,0.2458
1768407600000,2026-01-14,16:20:00,4620.478,4623.155,4619.425,4622.335,0.2377
1768407900000,2026-01-14,16:25:00,4622.355,4624.615,4619.025,4621.555,0.269
1768408200000,2026-01-14,16:30:00,4621.505,4623.035,4617.525,4618.785,0.2358
1768408500000,2026-01-14,16:35:00,4618.735,4620.845,4614.598,4617.225,0.244
1768408800000,2026-01-14,16:40:00,4617.185,4618.365,4613.695,4615.425,0.2599
1768409100000,2026-01-14,16:45:00,4615.385,4616.425,4610.895,4610.895,0.265
1768409400000,2026-01-14,16:50:00,4610.945,4616.015,4609.885,4612.565,0.2563
1768409700000,2026-01-14,16:55:00,4612.585,4617.295,4608.445,4616.855,0.2623
1768410000000,2026-01-14,17:00:00,4616.805,4618.905,4615.275,4615.848,0.2679
1768410300000,2026-01-14,17:05:00,4615.875,4616.365,4609.635,4614.445,0.2286
1768410600000,2026-01-14,17:10:00,4614.575,4617.175,4611.785,4615.505,0.1696
1768410900000,2026-01-14,17:15:00,4615.495,4615.615,4610.995,4613.345,0.227
1768411200000,2026-01-14,17:20:00,4613.015,4614.205,4606.755,4607.205,0.2483
1768411500000,2026-01-14,17:25:00,4607.165,4611.905,4605.265,4611.225,0.2195
1768411800000,2026-01-14,17:30:00,4611.265,4611.925,4605.565,4608.355,0.252
1768412100000,2026-01-14,17:35:00,4608.485,4611.545,4606.905,4608.315,0.2223
1768412400000,2026-01-14,17:40:00,4608.295,4608.295,4600.985,4604.185,0.2803
1768412700000,2026-01-14,17:45:00,4604.075,4611.135,4603.765,4611.105,0.2852
1768413000000,2026-01-14,17:50:00,4611.045,4613.515,4608.675,4612.325,0.3416
1768413300000,2026-01-14,17:55:00,4612.325,4616.475,4611.975,4614.125,0.2964
1768413600000,2026-01-14,18:00:00,4614.075,4620.935,4612.645,4620.885,0.2973
1768413900000,2026-01-14,18:05:00,4620.775,4622.475,4620.265,4620.758,0.2414
1768414200000,2026-01-14,18:10:00,4620.695,4623.475,4620.108,4623.475,0.1988
1768414500000,2026-01-14,18:15:00,4623.445,4629.055,4622.355,4626.675,0.2864
1768414800000,2026-01-14,18:20:00,4626.668,4627.875,4624.525,4626.535,0.4024
1768415100000,2026-01-14,18:25:00,4626.555,4629.865,4625.395,4628.005,0.245
1768415400000,2026-01-14,18:30:00,4628.035,4632.215,4627.898,4629.548,0.2395
1768415700000,2026-01-14,18:35:00,4629.548,4629.995,4627.758,4628.518,0.2587
1768416000000,2026-01-14,18:40:00,4628.598,4633.335,4628.535,4631.185,0.238
1768416300000,2026-01-14,18:45:00,4631.155,4633.795,4629.758,4631.785,0.2913
1768416600000,2026-01-14,18:50:00,4631.845,4636.395,4631.805,4634.635,0.2456
1768416900000,2026-01-14,18:55:00,4634.658,4637.115,4633.635,4635.005,0.1612
1768417200000,2026-01-14,19:00:00,4634.975,4642.695,4634.975,4636.875,0.2634
1768417500000,2026-01-14,19:05:00,4636.348,4638.168,4633.508,4634.528,0.3658
1768417800000,2026-01-14,19:10:00,4634.528,4636.785,4632.915,4636.525,0.2471
1768418100000,2026-01-14,19:15:00,4636.605,4638.205,4633.915,4638.155,0.195
1768418400000,2026-01-14,19:20:00,4638.155,4639.355,4635.748,4639.115,0.1936
1768418700000,2026-01-14,19:25:00,4639.155,4639.885,4634.435,4634.825,0.2162
1768419000000,2026-01-14,19:30:00,4634.805,4637.765,4634.465,4636.628,0.2042
1768419300000,2026-01-14,19:35:00,4636.608,4640.345,4634.348,4638.898,0.3145
1768419600000,2026-01-14,19:40:00,4638.898,4640.079,4638.698,4639.608,0.295
1768419900000,2026-01-14,19:45:00,4639.608,4640.525,4638.108,4639.209,0.4268
1768420200000,2026-01-14,19:50:00,4639.199,4641.198,4637.999,4638.769,0.5891
1768420500000,2026-01-14,19:55:00,4638.879,4639.859,4635.495,4638.995,0.2506
1768420800000,2026-01-14,20:00:00,4639.045,4640.795,4626.795,4631.745,0.3302
1768421100000,2026-01-14,20:05:00,4631.725,4638.385,4625.905,4636.935,0.2967
1768421400000,2026-01-14,20:10:00,4636.915,4641.335,4634.585,4636.185,0.2768
1768421700000,2026-01-14,20:15:00,4636.135,4637.755,4630.735,4636.655,0.2389
1768422000000,2026-01-14,20:20:00,4636.725,4637.025,4631.165,4635.405,0.1994
1768422300000,2026-01-14,20:25:00,4635.335,4635.485,4631.935,4634.155,0.1861
1768422600000,2026-01-14,20:30:00,4634.115,4635.345,4630.085,4630.195,0.182
1768422900000,2026-01-14,20:35:00,4630.075,4634.195,4626.185,4633.625,0.2052
1768423200000,2026-01-14,20:40:00,4633.575,4634.185,4625.485,4625.545,0.2093
1768423500000,2026-01-14,20:45:00,4625.625,4630.825,4625.625,4630.245,0.2375
1768423800000,2026-01-14,20:50:00,4630.245,4632.715,4628.645,4632.098,0.2724
1768424100000,2026-01-14,20:55:00,4632.098,4632.845,4630.885,4632.445,0.2845
1768424400000,2026-01-14,21:00:00,4632.385,4632.875,4628.955,4631.095,0.0727
1768424700000,2026-01-14,21:05:00,4631.135,4631.415,4628.465,4629.595,0.0832
1768425000000,2026-01-14,21:10:00,4629.615,4630.348,4624.325,4624.335,0.0902
1768425300000,2026-01-14,21:15:00,4624.285,4626.455,4622.455,4625.685,0.1741
1768425600000,2026-01-14,21:20:00,4625.685,4626.775,4623.885,4623.945,0.0884
1768425900000,2026-01-14,21:25:00,4623.975,4624.015,4620.725,4622.185,0.0908
1768426200000,2026-01-14,21:30:00,4622.125,4623.145,4620.005,4620.825,0.0592
1768426500000,2026-01-14,21:35:00,4620.845,4621.045,4619.465,4620.565,0.0647
1768426800000,2026-01-14,21:40:00,4620.525,4621.035,4617.665,4620.955,0.1056
1768427100000,2026-01-14,21:45:00,4621.015,4622.635,4619.715,4620.448,0.0555
1768427400000,2026-01-14,21:50:00,4620.405,4627.405,4620.348,4626.725,0.1133
1768427700000,2026-01-14,21:55:00,4626.755,4628.745,4624.285,4626.065,0.1739
1768431600000,2026-01-14,23:00:00,4629.225,4631.645,4618.498,4622.288,0.3481
1768431900000,2026-01-14,23:05:00,4622.388,4622.835,4611.765,4611.948,0.2382
1768432200000,2026-01-14,23:10:00,4611.948,4617.635,4611.648,4616.505,0.1965
1768432500000,2026-01-14,23:15:00,4616.325,4618.155,4610.255,4611.548,0.174
1768432800000,2026-01-14,23:20:00,4611.548,4611.898,4607.098,4607.998,0.1942
1768433100000,2026-01-14,23:25:00,4608.098,4609.295,4605.035,4608.855,0.1914
1768433400000,2026-01-14,23:30:00,4608.825,4612.045,4607.785,4609.058,0.1469
1768433700000,2026-01-14,23:35:00,4608.995,4612.825,4606.265,4606.915,0.1463
1768434000000,2026-01-14,23:40:00,4606.875,4607.035,4602.575,4606.155,0.1284
1768434300000,2026-01-14,23:45:00,4606.638,4614.205,4606.638,4613.435,0.1722
1768434600000,2026-01-14,23:50:00,4613.435,4613.515,4609.685,4610.105,0.1171
1768434900000,2026-01-14,23:55:00,4610.175,4615.965,4610.085,4615.015,0.1072
1768435200000,2026-01-15,00:00:00,4614.935,4616.935,4611.265,4615.975,0.1657
1768435500000,2026-01-15,00:05:00,4615.955,4617.275,4613.925,4616.975,0.092
1768435800000,2026-01-15,00:10:00,4617.035,4617.535,4614.655,4616.305,0.0874
1768436100000,2026-01-15,00:15:00,4616.275,4617.915,4614.355,4616.635,0.0929
1768436400000,2026-01-15,00:20:00,4616.605,4617.535,4613.998,4617.345,0.0834
1768436700000,2026-01-15,00:25:00,4617.098,4617.485,4615.295,4616.395,0.0901
1768437000000,2026-01-15,00:30:00,4616.425,4617.765,4615.248,4616.395,0.0706
1768437300000,2026-01-15,00:35:00,4616.375,4617.605,4615.245,4615.865,0.0766
1768437600000,2026-01-15,00:40:00,4615.835,4615.945,4613.125,4613.725,0.1087
1768437900000,2026-01-15,00:45:00,4613.685,4615.035,4610.195,4610.315,0.1375
1768438200000,2026-01-15,00:50:00,4610.275,4614.215,4609.945,4613.365,0.1528
1768438500000,2026-01-15,00:55:00,4613.405,4617.375,4613.405,4614.895,0.1335
1768438800000,2026-01-15,01:00:00,4614.875,4615.875,4606.735,4609.525,0.2871
1768439100000,2026-01-15,01:05:00,4609.775,4617.395,4606.395,4616.175,0.2461
1768439400000,2026-01-15,01:10:00,4616.215,4616.675,4607.585,4608.915,0.2479
1768439700000,2026-01-15,01:15:00,4608.865,4609.875,4602.605,4603.445,0.2529
1768440000000,2026-01-15,01:20:00,4603.445,4605.555,4597.278,4597.645,0.2524
1768440300000,2026-01-15,01:25:00,4597.835,4603.415,4596.795,4600.395,0.3253
1768440600000,2026-01-15,01:30:00,4600.475,4600.705,4583.215,4591.455,0.4835
1768440900000,2026-01-15,01:35:00,4591.345,4598.735,4590.235,4596.275,0.3665
1768441200000,2026-01-15,01:40:00,4596.305,4602.765,4594.435,4602.245,0.3093
1768441500000,2026-01-15,01:45:00,4602.305,4604.335,4596.948,4601.075,0.3142
1768441800000,2026-01-15,01:50:00,4601.115,4606.798,4600.125,4606.155,0.2871
1768442100000,2026-01-15,01:55:00,4606.298,4606.895,4599.565,4599.665,0.2753
1768442400000,2026-01-15,02:00:00,4599.748,4604.515,4597.405,4603.995,0.2462
1768442700000,2026-01-15,02:05:00,4603.965,4610.725,4603.965,4610.165,0.2358
1768443000000,2026-01-15,02:10:00,4610.115,4614.305,4609.485,4613.665,0.1983
1768443300000,2026-01-15,02:15:00,4613.685,4614.055,4611.365,4613.685,0.1588
1768443600000,2026-01-15,02:20:00,4613.645,4614.375,4606.975,4608.495,0.2002
1768443900000,2026-01-15,02:25:00,4608.185,4611.585,4608.005,4610.575,0.1463
1768444200000,2026-01-15,02:30:00,4610.755,4614.415,4608.865,4609.765,0.2188
1768444500000,2026-01-15,02:35:00,4609.795,4610.925,4603.995,4605.635,0.2277
1768444800000,2026-01-15,02:40:00,4605.675,4608.525,4604.975,4607.195,0.1878
1768445100000,2026-01-15,02:45:00,4607.115,4607.345,4599.575,4603.815,0.21
1768445400000,2026-01-15,02:50:00,4603.765,4603.825,4595.255,4598.525,0.2101
1768445700000,2026-01-15,02:55:00,4598.545,4604.945,4597.275,4602.735,0.1808
1768446000000,2026-01-15,03:00:00,4602.715,4604.095,4597.505,4598.195,0.2157
1768446300000,2026-01-15,03:05:00,4598.195,4601.925,4595.445,4596.398,0.6495
1768446600000,2026-01-15,03:10:00,4596.498,4598.485,4589.298,4591.025,0.3614
1768446900000,2026-01-15,03:15:00,4591.095,4594.498,4589.595,4590.985,0.3468
1768447200000,2026-01-15,03:20:00,4590.935,4590.985,4582.375,4587.075,0.2488
1768447500000,2026-01-15,03:25:00,4586.595,4587.775,4580.955,4584.865,0.2798
1768447800000,2026-01-15,03:30:00,4584.965,4590.245,4580.925,4590.205,0.2687
1768448100000,2026-01-15,03:35:00,4590.265,4597.048,4588.205,4595.565,0.1729
1768448400000,2026-01-15,03:40:00,4595.545,4597.315,4593.835,4596.415,0.1431
1768448700000,2026-01-15,03:45:00,4596.395,4596.395,4589.125,4593.298,0.1626
1768449000000,2026-01-15,03:50:00,4593.245,4594.935,4591.525,4592.265,0.1246
1768449300000,2026-01-15,03:55:00,4592.305,4592.925,4591.025,4592.015,0.1651
1768449600000,2026-01-15,04:00:00,4592.015,4594.225,4587.375,4589.105,0.2021
1768449900000,2026-01-15,04:05:00,4588.985,4591.015,4586.695,4587.255,0.132
1768450200000,2026-01-15,04:10:00,4587.285,4594.365,4587.285,4593.655,0.1052
1768450500000,2026-01-15,04:15:00,4593.655,4594.625,4592.005,4592.615,0.1263
1768450800000,2026-01-15,04:20:00,4592.645,4597.085,4590.385,4595.655,0.1288
1768451100000,2026-01-15,04:25:00,4595.635,4597.175,4592.805,4593.785,0.2008
1768451400000,2026-01-15,04:30:00,4593.735,4595.025,4592.935,4594.375,0.13
1768451700000,2026-01-15,04:35:00,4594.395,4595.585,4593.225,4594.535,0.0631
1768452000000,2026-01-15,04:40:00,4594.598,4595.475,4589.025,4590.675,0.1114
1768452300000,2026-01-15,04:45:00,4590.615,4593.235,4589.685,4592.505,0.1303
1768452600000,2026-01-15,04:50:00,4592.475,4595.305,4592.245,4594.525,0.1046
1768452900000,2026-01-15,04:55:00,4594.485,4595.255,4591.348,4591.965,0.1101
1768453200000,2026-01-15,05:00:00,4591.945,4592.155,4589.085,4589.465,0.2372
1768453500000,2026-01-15,05:05:00,4589.515,4591.225,4588.485,4589.475,0.1542
1768453800000,2026-01-15,05:10:00,4589.455,4592.255,4587.185,4587.355,0.119
1768454100000,2026-01-15,05:15:00,4587.315,4587.445,4580.815,4586.795,0.1641
1768454400000,2026-01-15,05:20:00,4586.825,4588.105,4584.955,4586.305,0.1007
1768454700000,2026-01-15,05:25:00,4586.315,4592.835,4585.785,4592.835,0.0973
1768455000000,2026-01-15,05:30:00,4592.885,4593.775,4582.615,4585.245,0.2143
1768455300000,2026-01-15,05:35:00,4585.215,4586.875,4581.245,4583.265,0.2147
1768455600000,2026-01-15,05:40:00,4583.135,4589.725,4581.145,4589.465,0.1906
1768455900000,2026-01-15,05:45:00,4589.415,4591.655,4587.205,4591.555,0.1803
1768456200000,2026-01-15,05:50:00,4591.605,4598.365,4591.445,4596.465,0.183
1768456500000,2026-01-15,05:55:00,4596.435,4598.685,4593.205,4594.945,0.1642
1768456800000,2026-01-15,06:00:00,4594.975,4600.545,4593.255,4598.955,0.4928
1768457100000,2026-01-15,06:05:00,4598.955,4604.515,4598.525,4604.315,0.7947
1768457400000,2026-01-15,06:10:00,4604.325,4608.375,4602.505,4605.085,0.1821
1768457700000,2026-01-15,06:15:00,4605.165,4609.135,4604.515,4608.695,0.1936
1768458000000,2026-01-15,06:20:00,4608.765,4609.905,4605.245,4607.805,0.1857
1768458300000,2026-01-15,06:25:00,4607.845,4608.155,4603.525,4603.875,0.222
1768458600000,2026-01-15,06:30:00,4603.685,4604.458,4600.115,4601.985,0.1663
1768458900000,2026-01-15,06:35:00,4601.965,4607.285,4600.925,4605.195,0.146
1768459200000,2026-01-15,06:40:00,4605.105,4607.855,4604.315,4605.335,0.1726
1768459500000,2026-01-15,06:45:00,4605.315,4609.195,4603.258,4608.885,0.2314
1768459800000,2026-01-15,06:50:00,4608.835,4610.305,4606.345,4609.855,0.1141
1768460100000,2026-01-15,06:55:00,4609.885,4611.785,4608.188,4609.845,0.1637
1768460400000,2026-01-15,07:00:00,4609.825,4610.795,4606.875,4608.515,0.1447
1768460700000,2026-01-15,07:05:00,4608.545,4609.365,4605.675,4608.635,0.1336
1768461000000,2026-01-15,07:10:00,4608.655,4609.575,4607.245,4609.255,0.1154
1768461300000,2026-01-15,07:15:00,4609.235,4613.365,4608.395,4612.425,0.1178
1768461600000,2026-01-15,07:20:00,4612.405,4612.425,4608.425,4609.535,0.109
1768461900000,2026-01-15,07:25:00,4609.485,4610.725,4608.398,4610.005,0.1008
1768462200000,2026-01-15,07:30:00,4609.955,4611.045,4608.185,4608.705,0.1072
1768462500000,2026-01-15,07:35:00,4608.685,4608.975,4603.175,4603.255,0.117
1768462800000,2026-01-15,07:40:00,4603.285,4605.215,4601.455,4603.855,0.1345
1768463100000,2026-01-15,07:45:00,4603.815,4604.175,4600.995,4602.835,0.1074
1768463400000,2026-01-15,07:50:00,4602.785,4602.795,4600.305,4601.745,0.1103
1768463700000,2026-01-15,07:55:00,4601.725,4602.595,4599.015,4601.565,0.1724
1768464000000,2026-01-15,08:00:00,4601.585,4604.305,4597.685,4599.825,0.1817
1768464300000,2026-01-15,08:05:00,4599.865,4603.805,4597.978,4601.398,0.1659
1768464600000,2026-01-15,08:10:00,4601.598,4604.405,4599.998,4603.675,0.1547
1768464900000,2026-01-15,08:15:00,4603.675,4605.745,4603.605,4605.735,0.1192
1768465200000,2026-01-15,08:20:00,4605.735,4606.135,4601.575,4603.125,0.1178
1768465500000,2026-01-15,08:25:00,4603.555,4603.615,4600.095,4601.945,0.1205
1768465800000,2026-01-15,08:30:00,4602.265,4603.685,4598.985,4602.958,0.1234
1768466100000,2026-01-15,08:35:00,4602.855,4605.035,4601.525,4604.995,0.1229
1768466400000,2026-01-15,08:40:00,4605.035,4606.915,4603.995,4606.195,0.1145
1768466700000,2026-01-15,08:45:00,4606.325,4606.545,4601.935,4603.035,0.12
1768467000000,2026-01-15,08:50:00,4603.065,4604.085,4602.595,4603.135,0.1157
1768467300000,2026-01-15,08:55:00,4603.155,4605.195,4600.945,4604.115,0.1136
1768467600000,2026-01-15,09:00:00,4604.125,4604.665,4600.945,4603.435,0.1164
1768467900000,2026-01-15,09:05:00,4603.425,4603.565,4600.435,4601.425,0.1588
1768468200000,2026-01-15,09:10:00,4601.445,4604.255,4601.445,4603.825,0.1134
1768468500000,2026-01-15,09:15:00,4603.855,4604.305,4601.745,4602.355,0.1171
1768468800000,2026-01-15,09:20:00,4602.415,4603.625,4601.915,4602.425,0.0856
1768469100000,2026-01-15,09:25:00,4602.425,4605.265,4602.365,4604.335,0.1101
1768469400000,2026-01-15,09:30:00,4604.305,4605.955,4602.505,4605.258,0.1747
1768469700000,2026-01-15,09:35:00,4605.258,4610.315,4604.728,4608.895,0.1638
1768470000000,2026-01-15,09:40:00,4608.835,4611.065,4607.595,4609.275,0.1544
1768470300000,2026-01-15,09:45:00,4609.255,4612.165,4607.735,4611.895,0.1241
1768470600000,2026-01-15,09:50:00,4611.815,4612.325,4610.175,4611.435,0.1211
1768470900000,2026-01-15,09:55:00,4611.465,4612.935,4610.765,4612.445,0.1119
1768471200000,2026-01-15,10:00:00,4612.415,4612.605,4609.155,4609.605,0.0903
1768471500000,2026-01-15,10:05:00,4609.535,4613.445,4609.185,4611.245,0.1544
1768471800000,2026-01-15,10:10:00,4611.255,4613.895,4611.205,4612.215,0.1346
1768472100000,2026-01-15,10:15:00,4612.245,4614.425,4611.578,4612.665,0.0941
1768472400000,2026-01-15,10:20:00,4612.695,4615.665,4612.245,4614.775,0.1132
1768472700000,2026-01-15,10:25:00,4614.725,4615.035,4611.075,4611.925,0.1091
1768473000000,2026-01-15,10:30:00,4611.945,4613.645,4610.415,4613.215,0.1078
1768473300000,2026-01-15,10:35:00,4613.255,4618.175,4613.045,4617.715,0.128
1768473600000,2026-01-15,10:40:00,4617.745,4619.155,4616.375,4617.835,0.0922
1768473900000,2026-01-15,10:45:00,4617.875,4619.655,4616.915,4618.865,0.1343
1768474200000,2026-01-15,10:50:00,4618.845,4619.595,4617.135,4619.325,0.0716
1768474500000,2026-01-15,10:55:00,4619.265,4620.555,4617.865,4619.615,0.1033
1768474800000,2026-01-15,11:00:00,4619.665,4621.275,4619.015,4619.855,0.0936
1768475100000,2026-01-15,11:05:00,4619.905,4621.375,4618.535,4618.655,0.0846
1768475400000,2026-01-15,11:10:00,4618.605,4620.025,4618.395,4618.755,0.0892
1768475700000,2026-01-15,11:15:00,4618.775,4618.895,4617.075,4617.345,0.0952
1768476000000,2026-01-15,11:20:00,4617.365,4620.285,4617.275,4618.775,0.0824
1768476300000,2026-01-15,11:25:00,4619.208,4619.775,4617.608,4618.935,0.0709
1768476600000,2026-01-15,11:30:00,4618.965,4621.435,4617.445,4621.315,0.0951
1768476900000,2026-01-15,11:35:00,4621.295,4622.755,4620.945,4621.505,0.1031
1768477200000,2026-01-15,11:40:00,4621.525,4621.555,4617.745,4617.765,0.0949
1768477500000,2026-01-15,11:45:00,4617.795,4617.815,4615.305,4616.565,0.1156
1768477800000,2026-01-15,11:50:00,4616.865,4620.205,4616.435,4616.915,0.1117
1768478100000,2026-01-15,11:55:00,4616.945,4619.515,4616.125,4619.005,0.0951
1768478400000,2026-01-15,12:00:00,4619.105,4620.555,4617.985,4617.985,0.088
1768478700000,2026-01-15,12:05:00,4618.015,4619.155,4615.985,4617.098,0.0865
1768479000000,2026-01-15,12:10:00,4617.045,4617.215,4614.435,4614.685,0.1103
1768479300000,2026-01-15,12:15:00,4614.725,4615.695,4613.678,4614.175,0.1054
1768479600000,2026-01-15,12:20:00,4614.155,4616.475,4614.065,4615.815,0.1212
1768479900000,2026-01-15,12:25:00,4615.835,4618.515,4615.515,4616.365,0.1049
1768480200000,2026-01-15,12:30:00,4616.335,4616.925,4615.165,4615.485,0.1071
1768480500000,2026-01-15,12:35:00,4615.445,4617.255,4615.218,4617.045,0.0971
1768480800000,2026-01-15,12:40:00,4617.025,4618.375,4616.195,4617.005,0.098
1768481100000,2026-01-15,12:45:00,4617.025,4617.355,4613.225,4614.145,0.1247
1768481400000,2026-01-15,12:50:00,4614.125,4615.525,4612.255,4612.505,0.1309
1768481700000,2026-01-15,12:55:00,4612.325,4614.665,4611.465,4613.755,0.139
1768482000000,2026-01-15,13:00:00,4613.785,4615.905,4609.885,4610.635,0.3091
1768482300000,2026-01-15,13:05:00,4610.615,4614.825,4609.425,4612.435,0.2723
1768482600000,2026-01-15,13:10:00,4612.465,4614.065,4610.595,4611.315,0.2728
1768482900000,2026-01-15,13:15:00,4611.275,4613.855,4604.485,4605.075,0.3984
1768483200000,2026-01-15,13:20:00,4605.085,4609.275,4604.285,4607.085,0.6029
1768483500000,2026-01-15,13:25:00,4607.085,4609.535,4602.335,4605.185,0.4549
1768483800000,2026-01-15,13:30:00,4605.095,4605.095,4593.605,4594.835,0.2784
1768484100000,2026-01-15,13:35:00,4594.805,4596.785,4590.578,4593.645,0.3245
1768484400000,2026-01-15,13:40:00,4593.585,4595.378,4587.935,4589.785,0.3349
1768484700000,2026-01-15,13:45:00,4589.745,4590.605,4582.135,4587.785,0.3421
1768485000000,2026-01-15,13:50:00,4587.755,4594.195,4587.325,4590.595,0.2414
1768485300000,2026-01-15,13:55:00,4590.575,4591.715,4583.875,4588.015,0.2565
1768485600000,2026-01-15,14:00:00,4588.195,4594.545,4583.105,4591.538,0.2906
1768485900000,2026-01-15,14:05:00,4591.538,4596.565,4588.135,4595.825,0.2368
1768486200000,2026-01-15,14:10:00,4595.795,4599.715,4595.765,4599.675,0.2453
1768486500000,2026-01-15,14:15:00,4599.635,4600.655,4596.145,4599.825,0.2604
1768486800000,2026-01-15,14:20:00,4599.825,4605.595,4598.215,4603.088,0.2267
1768487100000,2026-01-15,14:25:00,4603.108,4606.475,4602.185,4602.405,0.2855
1768487400000,2026-01-15,14:30:00,4602.495,4611.755,4601.335,4607.795,0.6038
1768487700000,2026-01-15,14:35:00,4608.005,4611.215,4605.105,4608.518,0.6959
1768488000000,2026-01-15,14:40:00,4608.428,4610.328,4601.848,4602.345,0.6147
1768488300000,2026-01-15,14:45:00,4602.445,4609.795,4599.915,4608.905,0.5337
1768488600000,2026-01-15,14:50:00,4609.105,4613.795,4606.895,4612.715,0.5133
1768488900000,2026-01-15,14:55:00,4612.775,4614.795,4608.458,4610.795,0.479
1768489200000,2026-01-15,15:00:00,4610.508,4614.855,4607.775,4608.608,0.4407
1768489500000,2026-01-15,15:05:00,4608.545,4611.665,4603.468,4608.355,0.4685
1768489800000,2026-01-15,15:10:00,4608.235,4614.005,4606.825,4613.025,0.3313
1768490100000,2026-01-15,15:15:00,4612.995,4617.708,4611.978,4615.275,0.45
1768490400000,2026-01-15,15:20:00,4615.255,4617.348,4613.618,4615.608,0.6791
1768490700000,2026-01-15,15:25:00,4615.678,4616.535,4612.698,4616.198,0.5118
1768491000000,2026-01-15,15:30:00,4616.198,4617.248,4612.165,4613.948,0.4038
1768491300000,2026-01-15,15:35:00,4613.938,4617.128,4612.098,4613.275,0.5074
1768491600000,2026-01-15,15:40:00,4613.245,4613.808,4608.965,4611.255,0.4703
1768491900000,2026-01-15,15:45:00,4611.205,4616.615,4609.585,4614.858,0.3907
1768492200000,2026-01-15,15:50:00,4614.858,4616.898,4611.035,4615.425,0.2363
1768492500000,2026-01-15,15:55:00,4615.455,4616.165,4613.358,4615.145,0.2185
1768492800000,2026-01-15,16:00:00,4615.165,4615.885,4609.325,4610.015,0.2323
1768493100000,2026-01-15,16:05:00,4610.035,4616.255,4608.295,4615.045,0.2555
1768493400000,2026-01-15,16:10:00,4615.045,4622.968,4615.005,4621.798,0.3389
1768493700000,2026-01-15,16:15:00,4621.845,4624.325,4619.938,4620.538,0.3397
1768494000000,2026-01-15,16:20:00,4620.475,4621.558,4615.615,4616.315,0.3703
1768494300000,2026-01-15,16:25:00,4616.278,4616.515,4611.088,4611.248,0.3354
1768494600000,2026-01-15,16:30:00,4611.248,4613.098,4608.855,4609.348,0.3644
1768494900000,2026-01-15,16:35:00,4609.348,4611.948,4606.105,4606.255,0.2504
1768495200000,2026-01-15,16:40:00,4606.198,4607.415,4604.075,4606.975,0.2874
1768495500000,2026-01-15,16:45:00,4606.948,4606.948,4602.848,4603.215,0.3304
1768495800000,2026-01-15,16:50:00,4603.235,4606.005,4600.975,4601.825,0.2888
1768496100000,2026-01-15,16:55:00,4601.805,4606.975,4601.315,4605.295,0.2236
1768496400000,2026-01-15,17:00:00,4605.315,4609.285,4605.315,4608.265,0.2313
1768496700000,2026-01-15,17:05:00,4608.245,4610.948,4607.905,4608.985,0.2022
1768497000000,2026-01-15,17:10:00,4609.345,4610.898,4609.198,4609.348,0.1875
1768497300000,2026-01-15,17:15:00,4609.398,4612.355,4607.355,4611.898,0.2071
1768497600000,2026-01-15,17:20:00,4611.715,4613.355,4610.848,4612.565,0.1833
1768497900000,2026-01-15,17:25:00,4612.555,4613.048,4610.208,4610.465,0.206
1768498200000,2026-01-15,17:30:00,4610.445,4613.995,4609.895,4613.678,0.1876
1768498500000,2026-01-15,17:35:00,4613.678,4616.298,4613.268,4614.415,0.2553
1768498800000,2026-01-15,17:40:00,4614.398,4614.885,4613.005,4614.108,0.1857
1768499100000,2026-01-15,17:45:00,4614.108,4616.625,4613.498,4614.815,0.2294
1768499400000,2026-01-15,17:50:00,4614.818,4615.695,4613.498,4613.625,0.1994
1768499700000,2026-01-15,17:55:00,4613.698,4616.498,4613.325,4616.198,0.2964
1768500000000,2026-01-15,18:00:00,4616.065,4620.115,4616.065,4618.698,0.2632
1768500300000,2026-01-15,18:05:00,4618.695,4619.495,4616.048,4617.905,0.2563
1768500600000,2026-01-15,18:10:00,4617.998,4619.698,4617.198,4617.498,0.2389
1768500900000,2026-01-15,18:15:00,4617.425,4619.725,4617.005,4618.775,0.1855
1768501200000,2026-01-15,18:20:00,4618.788,4620.848,4617.955,4619.275,0.2637
1768501500000,2026-01-15,18:25:00,4619.275,4620.805,4617.658,4619.178,0.4028
1768501800000,2026-01-15,18:30:00,4618.225,4618.388,4613.168,4615.938,0.3854
1768502100000,2026-01-15,18:35:00,4615.938,4618.268,4615.938,4617.718,0.2627
1768502400000,2026-01-15,18:40:00,4617.708,4617.918,4613.788,4615.248,0.4583
1768502700000,2026-01-15,18:45:00,4615.258,4619.498,4615.118,4618.308,0.2808
1768503000000,2026-01-15,18:50:00,4618.338,4618.768,4615.528,4615.938,0.2493
1768503300000,2026-01-15,18:55:00,4615.938,4617.308,4615.588,4617.308,0.2785
1768503600000,2026-01-15,19:00:00,4617.308,4619.898,4617.098,4618.705,0.3108
1768503900000,2026-01-15,19:05:00,4618.918,4621.078,4617.638,4620.898,0.3131
1768504200000,2026-01-15,19:10:00,4620.898,4621.295,4618.468,4618.728,0.2583
1768504500000,2026-01-15,19:15:00,4618.595,4619.588,4617.338,4619.078,0.2148
1768504800000,2026-01-15,19:20:00,4619.088,4619.678,4618.398,4619.248,0.1582
1768505100000,2026-01-15,19:25:00,4619.258,4620.298,4617.718,4617.868,0.1462
1768505400000,2026-01-15,19:30:00,4617.888,4618.498,4616.578,4617.708,0.2241
1768505700000,2026-01-15,19:35:00,4617.708,4618.778,4614.738,4615.958,0.1765
1768506000000,2026-01-15,19:40:00,4615.858,4616.768,4615.488,4616.478,0.2564
1768506300000,2026-01-15,19:45:00,4616.478,4616.845,4614.915,4615.555,0.1547
1768506600000,2026-01-15,19:50:00,4615.575,4616.125,4615.025,4615.745,0.1051
1768506900000,2026-01-15,19:55:00,4615.715,4616.105,4612.485,4615.635,0.1769
1768507200000,2026-01-15,20:00:00,4615.635,4616.115,4612.375,4613.765,0.1571
1768507500000,2026-01-15,20:05:00,4613.785,4614.765,4605.439,4605.599,0.2015
1768507800000,2026-01-15,20:10:00,4605.545,4608.305,4603.765,4605.365,0.3828
1768508100000,2026-01-15,20:15:00,4605.335,4608.565,4600.399,4601.439,0.5356
1768508400000,2026-01-15,20:20:00,4601.439,4605.609,4600.905,4602.995,0.6073
1768508700000,2026-01-15,20:25:00,4602.999,4604.955,4600.749,4604.735,0.4211
1768509000000,2026-01-15,20:30:00,4604.765,4607.715,4603.535,4607.129,0.3186
1768509300000,2026-01-15,20:35:00,4607.129,4609.009,4604.655,4606.589,0.4832
1768509600000,2026-01-15,20:40:00,4606.599,4608.408,4605.198,4607.798,0.3675
1768509900000,2026-01-15,20:45:00,4607.798,4608.745,4603.855,4605.525,0.4902
1768510200000,2026-01-15,20:50:00,4605.565,4607.035,4604.185,4605.405,0.3096
1768510500000,2026-01-15,20:55:00,4605.405,4606.995,4603.225,4605.555,0.2997
1768510800000,2026-01-15,21:00:00,4605.545,4609.855,4604.175,4608.015,0.1213
1768511100000,2026-01-15,21:05:00,4608.045,4611.748,4608.045,4610.145,0.1583
1768511400000,2026-01-15,21:10:00,4610.125,4611.975,4609.895,4611.925,0.1473
1768511700000,2026-01-15,21:15:00,4611.875,4613.645,4611.045,4613.455,0.1711
1768512000000,2026-01-15,21:20:00,4613.455,4614.015,4612.655,4613.685,0.1063
1768512300000,2026-01-15,21:25:00,4613.665,4615.315,4613.365,4613.895,0.1389
1768512600000,2026-01-15,21:30:00,4613.949,4615.135,4613.849,4615.045,0.1061
1768512900000,2026-01-15,21:35:00,4615.005,4615.309,4613.418,4613.538,0.0778
1768513200000,2026-01-15,21:40:00,4613.415,4615.405,4613.375,4615.368,0.0777
1768513500000,2026-01-15,21:45:00,4615.368,4616.088,4614.215,4614.495,0.1184
1768513800000,2026-01-15,21:50:00,4614.515,4615.328,4613.258,4614.828,0.1122
1768514100000,2026-01-15,21:55:00,4614.835,4616.045,4614.235,4614.819,0.117
1768518000000,2026-01-15,23:00:00,4613.498,4619.148,4613.498,4618.248,0.0681
1768518300000,2026-01-15,23:05:00,4617.489,4620.448,4616.098,4618.648,0.0482
1768518600000,2026-01-15,23:10:00,4618.548,4619.155,4613.455,4613.855,0.0742
1768518900000,2026-01-15,23:15:00,4613.845,4614.855,4612.348,4613.248,0.1279
1768519200000,2026-01-15,23:20:00,4613.248,4614.548,4611.415,4611.948,0.0908
1768519500000,2026-01-15,23:25:00,4611.965,4612.648,4608.448,4608.565,0.1298
1768519800000,2026-01-15,23:30:00,4608.648,4610.779,4606.675,4607.385,0.1369
1768520100000,2026-01-15,23:35:00,4607.405,4610.665,4607.035,4608.575,0.0861
1768520400000,2026-01-15,23:40:00,4608.515,4609.655,4606.715,4607.835,0.076
1768520700000,2026-01-15,23:45:00,4607.425,4608.145,4606.055,4606.305,0.1055
1768521000000,2026-01-15,23:50:00,4606.245,4607.945,4606.058,4607.655,0.0992
1768521300000,2026-01-15,23:55:00,4607.685,4610.395,4606.755,4609.855,0.0918
1768521600000,2026-01-16,00:00:00,4609.835,4609.915,4605.705,4606.435,0.1196
1768521900000,2026-01-16,00:05:00,4606.405,4607.848,4602.948,4604.525,0.102
1768522200000,2026-01-16,00:10:00,4604.505,4606.305,4604.365,4605.375,0.0701
1768522500000,2026-01-16,00:15:00,4605.415,4609.705,4604.948,4607.815,0.0944
1768522800000,2026-01-16,00:20:00,4607.785,4610.845,4605.998,4606.298,0.0863
1768523100000,2026-01-16,00:25:00,4606.245,4607.698,4605.898,4607.298,0.0791
1768523400000,2026-01-16,00:30:00,4607.398,4607.698,4601.955,4603.405,0.1372
1768523700000,2026-01-16,00:35:00,4603.425,4603.698,4601.298,4602.645,0.2937
1768524000000,2026-01-16,00:40:00,4602.615,4603.498,4600.615,4600.998,0.2768
1768524300000,2026-01-16,00:45:00,4600.998,4601.398,4599.358,4600.548,0.2115
1768524600000,2026-01-16,00:50:00,4600.495,4600.495,4598.098,4599.498,0.1348
1768524900000,2026-01-16,00:55:00,4599.798,4601.545,4599.408,4599.648,0.2407
1768525200000,2026-01-16,01:00:00,4599.495,4599.905,4593.565,4598.775,0.3152
1768525500000,2026-01-16,01:05:00,4598.745,4603.975,4595.875,4603.905,0.2139
1768525800000,2026-01-16,01:10:00,4603.898,4604.695,4600.505,4603.445,0.2007
1768526100000,2026-01-16,01:15:00,4603.475,4605.035,4599.525,4602.935,0.2188
1768526400000,2026-01-16,01:20:00,4602.915,4604.735,4601.775,4604.735,0.1562
1768526700000,2026-01-16,01:25:00,4604.715,4607.095,4603.235,4605.985,0.179
1768527000000,2026-01-16,01:30:00,4605.955,4607.285,4601.315,4601.895,0.1693
1768527300000,2026-01-16,01:35:00,4601.915,4607.295,4601.565,4605.335,0.1358
1768527600000,2026-01-16,01:40:00,4605.355,4608.325,4604.565,4604.895,0.166
1768527900000,2026-01-16,01:45:00,4604.995,4605.205,4602.075,4602.595,0.1646
1768528200000,2026-01-16,01:50:00,4602.555,4604.065,4599.898,4601.155,0.2357
1768528500000,2026-01-16,01:55:00,4601.148,4602.549,4598.805,4600.335,0.1821
1768528800000,2026-01-16,02:00:00,4600.305,4603.345,4598.525,4600.575,0.2236
1768529100000,2026-01-16,02:05:00,4600.545,4603.485,4599.645,4603.175,0.1956
1768529400000,2026-01-16,02:10:00,4602.965,4602.965,4597.105,4597.835,0.2068
1768529700000,2026-01-16,02:15:00,4597.919,4602.615,4596.545,4601.035,0.1725
1768530000000,2026-01-16,02:20:00,4601.015,4604.005,4600.615,4602.845,0.1529
1768530300000,2026-01-16,02:25:00,4602.785,4603.379,4598.585,4599.648,0.1722
1768530600000,2026-01-16,02:30:00,4599.605,4600.615,4593.855,4594.335,0.2771
1768530900000,2026-01-16,02:35:00,4594.375,4595.225,4590.975,4594.305,0.2554
1768531200000,2026-01-16,02:40:00,4594.265,4595.865,4593.835,4595.748,0.1764
1768531500000,2026-01-16,02:45:00,4595.745,4598.425,4594.665,4596.225,0.1972
1768531800000,2026-01-16,02:50:00,4596.205,4598.125,4592.165,4592.165,0.1662
1768532100000,2026-01-16,02:55:00,4592.085,4594.955,4591.695,4594.448,0.1637
1768532400000,2026-01-16,03:00:00,4594.825,4597.985,4594.195,4596.895,0.1636
1768532700000,2026-01-16,03:05:00,4596.815,4598.925,4595.775,4598.015,0.145
1768533000000,2026-01-16,03:10:00,4598.035,4599.115,4597.535,4598.385,0.142
1768533300000,2026-01-16,03:15:00,4598.405,4599.615,4597.385,4598.345,0.1417
1768533600000,2026-01-16,03:20:00,4598.445,4598.915,4595.725,4596.785,0.1401
1768533900000,2026-01-16,03:25:00,4596.755,4597.395,4595.015,4595.335,0.1113
1768534200000,2026-01-16,03:30:00,4595.285,4595.815,4592.605,4592.915,0.1066
1768534500000,2026-01-16,03:35:00,4592.995,4596.825,4592.765,4596.805,0.0847
1768534800000,2026-01-16,03:40:00,4596.765,4597.185,4595.385,4596.085,0.0773
1768535100000,2026-01-16,03:45:00,4596.115,4597.225,4594.975,4595.505,0.1197
1768535400000,2026-01-16,03:50:00,4595.435,4596.725,4595.285,4596.515,0.0732
1768535700000,2026-01-16,03:55:00,4596.515,4597.045,4595.555,4596.115,0.1252
1768536000000,2026-01-16,04:00:00,4596.055,4598.435,4595.835,4597.805,0.081
1768536300000,2026-01-16,04:05:00,4597.775,4598.815,4597.155,4598.415,0.0948
1768536600000,2026-01-16,04:10:00,4598.445,4599.455,4598.065,4598.385,0.1062
1768536900000,2026-01-16,04:15:00,4598.365,4600.105,4598.195,4599.985,0.0631
1768537200000,2026-01-16,04:20:00,4600.129,4601.125,4598.009,4598.448,0.1353
1768537500000,2026-01-16,04:25:00,4598.448,4598.975,4597.848,4598.198,0.1268
1768537800000,2026-01-16,04:30:00,4598.198,4598.539,4596.998,4597.895,0.1509
1768538100000,2026-01-16,04:35:00,4597.905,4599.735,4597.185,4599.495,0.1193
1768538400000,2026-01-16,04:40:00,4599.505,4600.635,4598.935,4599.689,0.1177
1768538700000,2026-01-16,04:45:00,4599.689,4600.895,4599.455,4599.565,0.0953
1768539000000,2026-01-16,04:50:00,4599.605,4600.235,4598.755,4600.235,0.0911
1768539300000,2026-01-16,04:55:00,4600.185,4601.915,4600.125,4600.869,0.0995
1768539600000,2026-01-16,05:00:00,4600.885,4601.115,4599.225,4599.659,0.1094
1768539900000,2026-01-16,05:05:00,4599.589,4600.055,4599.035,4599.235,0.1211
1768540200000,2026-01-16,05:10:00,4599.235,4599.555,4595.105,4596.305,0.1505
1768540500000,2026-01-16,05:15:00,4596.365,4598.115,4595.235,4597.485,0.1504
1768540800000,2026-01-16,05:20:00,4597.485,4600.445,4597.345,4600.245,0.1258
1768541100000,2026-01-16,05:25:00,4600.245,4601.325,4599.948,4601.075,0.1277
1768541400000,2026-01-16,05:30:00,4601.005,4603.465,4596.095,4598.475,0.2243
1768541700000,2026-01-16,05:35:00,4598.425,4603.715,4598.165,4603.045,0.2128
1768542000000,2026-01-16,05:40:00,4602.785,4606.665,4602.635,4606.645,0.2433
1768542300000,2026-01-16,05:45:00,4606.615,4612.745,4606.365,4611.348,0.2571
1768542600000,2026-01-16,05:50:00,4611.348,4613.345,4610.648,4611.885,0.1474
1768542900000,2026-01-16,05:55:00,4611.855,4615.735,4610.965,4611.275,0.1815
1768543200000,2026-01-16,06:00:00,4611.235,4612.095,4606.455,4606.985,0.2157
1768543500000,2026-01-16,06:05:00,4606.955,4608.895,4606.045,4607.545,0.1634
1768543800000,2026-01-16,06:10:00,4607.555,4607.695,4603.695,4604.265,0.218
1768544100000,2026-01-16,06:15:00,4604.555,4606.775,4603.285,4605.605,0.2135
1768544400000,2026-01-16,06:20:00,4605.625,4608.969,4605.515,4608.059,0.2189
1768544700000,2026-01-16,06:25:00,4608.029,4608.159,4604.325,4604.325,0.2169
1768545000000,2026-01-16,06:30:00,4604.325,4607.775,4602.245,4605.798,0.1975
1768545300000,2026-01-16,06:35:00,4605.598,4606.545,4603.798,4604.925,0.183
1768545600000,2026-01-16,06:40:00,4604.875,4605.295,4595.465,4595.785,0.245
1768545900000,2026-01-16,06:45:00,4595.825,4598.585,4593.865,4596.475,0.2535
1768546200000,2026-01-16,06:50:00,4596.585,4598.695,4594.648,4596.448,0.2135
1768546500000,2026-01-16,06:55:00,4596.505,4599.015,4596.385,4597.845,0.1161
1768546800000,2026-01-16,07:00:00,4597.915,4601.095,4596.515,4600.885,0.0998
1768547100000,2026-01-16,07:05:00,4600.845,4606.175,4600.845,4606.005,0.0962
1768547400000,2026-01-16,07:10:00,4606.055,4611.825,4605.835,4609.805,0.1485
1768547700000,2026-01-16,07:15:00,4609.805,4609.825,4607.115,4608.805,0.1002
1768548000000,2026-01-16,07:20:00,4608.785,4608.985,4604.685,4605.625,0.0957
1768548300000,2026-01-16,07:25:00,4605.585,4606.725,4604.655,4605.645,0.0937
1768548600000,2026-01-16,07:30:00,4605.745,4607.315,4603.135,4606.685,0.1185
1768548900000,2026-01-16,07:35:00,4606.635,4611.635,4606.445,4607.185,0.3162
1768549200000,2026-01-16,07:40:00,4607.635,4607.935,4600.735,4602.665,0.1145
1768549500000,2026-01-16,07:45:00,4602.685,4609.475,4601.635,4607.845,0.1224
1768549800000,2026-01-16,07:50:00,4607.805,4608.615,4606.395,4607.285,0.0648
1768550100000,2026-01-16,07:55:00,4607.225,4608.995,4606.875,4607.285,0.068
1768550400000,2026-01-16,08:00:00,4607.245,4610.345,4605.215,4608.105,0.1166
1768550700000,2026-01-16,08:05:00,4608.135,4608.935,4604.735,4605.198,0.1253
1768551000000,2026-01-16,08:10:00,4605.198,4608.148,4604.455,4604.605,0.1565
1768551300000,2026-01-16,08:15:00,4604.605,4607.635,4604.298,4607.115,0.0732
1768551600000,2026-01-16,08:20:00,4607.065,4609.425,4605.065,4609.355,0.0861
1768551900000,2026-01-16,08:25:00,4609.425,4610.355,4606.898,4607.175,0.1255
1768552200000,2026-01-16,08:30:00,4607.108,4608.775,4605.915,4606.035,0.0886
1768552500000,2026-01-16,08:35:00,4605.895,4606.435,4603.365,4605.195,0.0868
1768552800000,2026-01-16,08:40:00,4605.155,4605.225,4601.658,4601.785,0.0885
1768553100000,2026-01-16,08:45:00,4601.795,4602.935,4600.945,4602.585,0.0869
1768553400000,2026-01-16,08:50:00,4602.605,4606.905,4602.055,4606.015,0.0827
1768553700000,2026-01-16,08:55:00,4605.975,4607.095,4602.425,4602.985,0.0812
1768554000000,2026-01-16,09:00:00,4603.045,4604.745,4602.125,4604.715,0.0845
1768554300000,2026-01-16,09:05:00,4604.695,4608.335,4604.475,4605.685,0.1019
1768554600000,2026-01-16,09:10:00,4605.665,4605.975,4604.075,4604.665,0.0803
1768554900000,2026-01-16,09:15:00,4604.685,4604.755,4601.875,4603.305,0.0862
1768555200000,2026-01-16,09:20:00,4603.305,4604.075,4600.735,4601.245,0.0823
1768555500000,2026-01-16,09:25:00,4601.315,4601.735,4599.425,4600.895,0.0662
1768555800000,2026-01-16,09:30:00,4600.915,4601.475,4598.615,4599.625,0.0488
1768556100000,2026-01-16,09:35:00,4599.585,4600.505,4598.855,4600.395,0.049
1768556400000,2026-01-16,09:40:00,4600.375,4603.225,4599.495,4603.095,0.0548
1768556700000,2026-01-16,09:45:00,4603.075,4603.115,4601.128,4601.278,0.0658
1768557000000,2026-01-16,09:50:00,4601.278,4601.495,4599.975,4600.875,0.1883
1768557300000,2026-01-16,09:55:00,4600.925,4601.875,4600.165,4600.395,0.0794
1768557600000,2026-01-16,10:00:00,4600.325,4605.165,4600.235,4604.795,0.0709
1768557900000,2026-01-16,10:05:00,4604.845,4605.615,4602.855,4604.185,0.0899
1768558200000,2026-01-16,10:10:00,4604.215,4607.745,4604.185,4606.785,0.0764
1768558500000,2026-01-16,10:15:00,4606.765,4609.615,4606.675,4608.715,0.0975
1768558800000,2026-01-16,10:20:00,4608.655,4610.695,4607.365,4610.495,0.0794
1768559100000,2026-01-16,10:25:00,4610.525,4610.945,4607.155,4607.175,0.0645
1768559400000,2026-01-16,10:30:00,4607.145,4609.125,4606.665,4608.375,0.0574
1768559700000,2026-01-16,10:35:00,4608.405,4608.645,4607.315,4607.645,0.0575
1768560000000,2026-01-16,10:40:00,4607.625,4607.825,4606.605,4607.275,0.0578
1768560300000,2026-01-16,10:45:00,4607.255,4608.425,4607.075,4607.715,0.0661
1768560600000,2026-01-16,10:50:00,4607.665,4608.305,4602.735,4603.405,0.0878
1768560900000,2026-01-16,10:55:00,4603.385,4604.425,4599.465,4599.885,0.1527
1768561200000,2026-01-16,11:00:00,4599.915,4602.355,4598.285,4601.015,0.2604
1768561500000,2026-01-16,11:05:00,4601.145,4601.825,4598.625,4601.615,0.1515
1768561800000,2026-01-16,11:10:00,4601.585,4606.515,4601.015,4606.305,0.0974
1768562100000,2026-01-16,11:15:00,4606.245,4609.085,4605.305,4608.935,0.0804
1768562400000,2026-01-16,11:20:00,4608.955,4610.075,4608.235,4609.645,0.086
1768562700000,2026-01-16,11:25:00,4609.695,4611.335,4608.435,4610.955,0.0917
1768563000000,2026-01-16,11:30:00,4610.935,4613.085,4609.475,4612.945,0.0938
1768563300000,2026-01-16,11:35:00,4613.025,4613.735,4611.655,4612.615,0.0794
1768563600000,2026-01-16,11:40:00,4612.535,4615.665,4612.505,4615.235,0.0765
1768563900000,2026-01-16,11:45:00,4615.265,4615.965,4612.395,4613.345,0.0753
1768564200000,2026-01-16,11:50:00,4613.315,4614.355,4612.585,4613.575,0.058
1768564500000,2026-01-16,11:55:00,4613.545,4614.475,4612.235,4612.335,0.0678
1768564800000,2026-01-16,12:00:00,4612.365,4612.535,4609.905,4609.915,0.1144
1768565100000,2026-01-16,12:05:00,4609.875,4612.035,4609.048,4609.945,0.0767
1768565400000,2026-01-16,12:10:00,4609.875,4611.485,4609.515,4610.555,0.077
1768565700000,2026-01-16,12:15:00,4610.645,4612.675,4610.095,4611.665,0.0737
1768566000000,2026-01-16,12:20:00,4611.685,4612.135,4604.895,4605.448,0.1094
1768566300000,2026-01-16,12:25:00,4605.428,4607.375,4604.265,4606.048,0.1247
1768566600000,2026-01-16,12:30:00,4606.148,4606.448,4602.235,4602.968,0.1114
1768566900000,2026-01-16,12:35:00,4602.968,4603.898,4601.795,4603.435,0.1412
1768567200000,2026-01-16,12:40:00,4603.435,4605.185,4602.235,4603.098,0.0994
1768567500000,2026-01-16,12:45:00,4603.035,4605.048,4601.798,4604.555,0.0851
1768567800000,2026-01-16,12:50:00,4604.648,4604.685,4596.915,4599.885,0.2547
1768568100000,2026-01-16,12:55:00,4599.885,4603.075,4598.225,4601.598,0.5079
1768568400000,2026-01-16,13:00:00,4601.628,4605.305,4597.655,4598.285,0.3576
1768568700000,2026-01-16,13:05:00,4598.245,4603.105,4596.775,4596.905,0.2443
1768569000000,2026-01-16,13:10:00,4596.925,4598.345,4594.348,4595.955,0.2325
1768569300000,2026-01-16,13:15:00,4596.035,4597.448,4582.958,4587.215,0.3677
1768569600000,2026-01-16,13:20:00,4587.265,4593.005,4582.105,4590.485,0.3621
1768569900000,2026-01-16,13:25:00,4590.355,4593.325,4582.395,4586.595,0.3575
1768570200000,2026-01-16,13:30:00,4586.655,4596.475,4584.885,4594.665,0.3026
1768570500000,2026-01-16,13:35:00,4594.635,4598.685,4590.748,4591.635,0.2658
1768570800000,2026-01-16,13:40:00,4591.595,4601.045,4590.715,4599.335,0.2316
1768571100000,2026-01-16,13:45:00,4599.325,4602.085,4596.785,4601.625,0.1991
1768571400000,2026-01-16,13:50:00,4601.655,4602.535,4596.995,4598.245,0.1954
1768571700000,2026-01-16,13:55:00,4598.185,4602.698,4598.125,4601.625,0.2465
1768572000000,2026-01-16,14:00:00,4601.605,4603.435,4598.015,4603.285,0.225
1768572300000,2026-01-16,14:05:00,4603.378,4607.075,4602.985,4603.555,0.2109
1768572600000,2026-01-16,14:10:00,4603.585,4608.405,4602.368,4606.735,0.1678
1768572900000,2026-01-16,14:15:00,4606.765,4609.235,4604.125,4604.335,0.1643
1768573200000,2026-01-16,14:20:00,4604.325,4605.595,4601.748,4601.845,0.1613
1768573500000,2026-01-16,14:25:00,4601.915,4605.105,4598.048,4598.718,0.302
1768573800000,2026-01-16,14:30:00,4598.619,4606.545,4595.748,4606.515,0.7994
1768574100000,2026-01-16,14:35:00,4606.435,4611.348,4604.308,4604.575,0.3821
1768574400000,2026-01-16,14:40:00,4604.655,4610.325,4604.355,4608.595,0.2697
1768574700000,2026-01-16,14:45:00,4608.565,4614.305,4607.045,4613.725,0.5094
1768575000000,2026-01-16,14:50:00,4613.755,4614.505,4609.608,4613.205,0.6183
1768575300000,2026-01-16,14:55:00,4613.445,4613.545,4607.268,4607.445,0.5863
1768575600000,2026-01-16,15:00:00,4607.475,4615.498,4607.268,4614.865,0.3321
1768575900000,2026-01-16,15:05:00,4614.815,4620.035,4614.395,4616.935,0.5899
1768576200000,2026-01-16,15:10:00,4616.895,4618.848,4614.648,4615.748,0.3084
1768576500000,2026-01-16,15:15:00,4615.848,4617.348,4601.015,4601.485,0.3504
1768576800000,2026-01-16,15:20:00,4601.645,4610.965,4588.295,4588.315,0.4014
1768577100000,2026-01-16,15:25:00,4588.325,4592.695,4564.295,4564.855,0.4713
1768577400000,2026-01-16,15:30:00,4564.825,4570.105,4536.515,4544.175,0.6891
1768577700000,2026-01-16,15:35:00,4543.815,4555.455,4538.005,4547.845,0.6049
1768578000000,2026-01-16,15:40:00,4547.865,4556.625,4543.865,4555.145,0.6158
1768578300000,2026-01-16,15:45:00,4555.315,4571.815,4555.315,4570.405,0.4091
1768578600000,2026-01-16,15:50:00,4570.425,4572.035,4560.035,4570.245,0.3548
1768578900000,2026-01-16,15:55:00,4570.245,4575.305,4566.845,4570.855,0.349
1768579200000,2026-01-16,16:00:00,4570.835,4579.555,4567.138,4578.785,0.3617
1768579500000,2026-01-16,16:05:00,4578.755,4589.975,4578.075,4586.315,0.3284
1768579800000,2026-01-16,16:10:00,4586.415,4592.885,4583.585,4592.695,0.3157
1768580100000,2026-01-16,16:15:00,4592.798,4594.425,4584.098,4590.295,0.3233
1768580400000,2026-01-16,16:20:00,4590.315,4594.855,4586.375,4591.225,0.2842
1768580700000,2026-01-16,16:25:00,4591.495,4596.385,4589.005,4591.335,0.2539
1768581000000,2026-01-16,16:30:00,4591.555,4595.055,4587.885,4589.545,0.2408
1768581300000,2026-01-16,16:35:00,4589.575,4597.755,4589.575,4594.155,0.2311
1768581600000,2026-01-16,16:40:00,4594.185,4598.835,4593.765,4596.005,0.2158
1768581900000,2026-01-16,16:45:00,4596.095,4597.225,4585.405,4586.585,0.2246
1768582200000,2026-01-16,16:50:00,4586.605,4589.085,4581.655,4584.825,0.2617
1768582500000,2026-01-16,16:55:00,4584.855,4593.445,4583.775,4591.025,0.2366
1768582800000,2026-01-16,17:00:00,4590.965,4591.448,4586.225,4588.095,0.2269
1768583100000,2026-01-16,17:05:00,4587.845,4592.985,4584.945,4589.525,0.2175
1768583400000,2026-01-16,17:10:00,4589.505,4592.955,4588.515,4590.535,0.1849
1768583700000,2026-01-16,17:15:00,4590.525,4590.635,4583.955,4583.955,0.1808
1768584000000,2026-01-16,17:20:00,4583.995,4586.375,4578.395,4584.255,0.2789
1768584300000,2026-01-16,17:25:00,4584.225,4584.225,4576.395,4578.205,0.2442
1768584600000,2026-01-16,17:30:00,4578.195,4584.855,4576.575,4583.215,0.2343
1768584900000,2026-01-16,17:35:00,4583.665,4586.475,4582.065,4584.855,0.1708
1768585200000,2026-01-16,17:40:00,4584.855,4585.735,4580.155,4580.388,0.1548
1768585500000,2026-01-16,17:45:00,4580.388,4582.095,4578.415,4580.715,0.182
1768585800000,2026-01-16,17:50:00,4580.545,4583.475,4580.425,4581.545,0.1654
1768586100000,2026-01-16,17:55:00,4581.365,4582.548,4580.025,4581.185,0.166
1768586400000,2026-01-16,18:00:00,4581.155,4588.775,4579.648,4587.495,0.2084
1768586700000,2026-01-16,18:05:00,4587.635,4587.935,4582.415,4585.195,0.1999
1768587000000,2026-01-16,18:10:00,4585.225,4586.045,4581.665,4584.255,0.19
1768587300000,2026-01-16,18:15:00,4584.225,4586.375,4581.565,4584.645,0.159
1768587600000,2026-01-16,18:20:00,4584.645,4590.325,4584.365,4588.015,0.1946
1768587900000,2026-01-16,18:25:00,4588.045,4591.365,4587.615,4589.735,0.1986
1768588200000,2026-01-16,18:30:00,4589.795,4595.775,4588.305,4593.725,0.2101
1768588500000,2026-01-16,18:35:00,4593.715,4594.285,4590.975,4592.535,0.1512
1768588800000,2026-01-16,18:40:00,4592.655,4595.865,4592.315,4595.125,0.149
1768589100000,2026-01-16,18:45:00,4595.155,4595.695,4586.765,4589.035,0.1513
1768589400000,2026-01-16,18:50:00,4589.055,4589.975,4586.798,4587.545,0.1488
1768589700000,2026-01-16,18:55:00,4587.575,4587.815,4582.025,4582.415,0.1989
1768590000000,2026-01-16,19:00:00,4582.395,4585.345,4580.725,4585.295,0.1634
1768590300000,2026-01-16,19:05:00,4585.725,4588.065,4583.975,4584.145,0.1522
1768590600000,2026-01-16,19:10:00,4584.115,4585.285,4582.025,4583.775,0.141
1768590900000,2026-01-16,19:15:00,4583.635,4585.745,4580.655,4583.345,0.1513
1768591200000,2026-01-16,19:20:00,4583.285,4585.995,4581.208,4584.985,0.1518
1768591500000,2026-01-16,19:25:00,4585.015,4585.055,4582.868,4583.705,0.1278
1768591800000,2026-01-16,19:30:00,4583.755,4587.945,4583.585,4587.925,0.1533
1768592100000,2026-01-16,19:35:00,4587.885,4589.648,4587.195,4588.355,0.1635
1768592400000,2026-01-16,19:40:00,4588.375,4591.435,4587.875,4588.965,0.1419
1768592700000,2026-01-16,19:45:00,4588.975,4590.439,4588.209,4589.525,0.2911
1768593000000,2026-01-16,19:50:00,4589.479,4591.995,4588.175,4590.889,0.3962
1768593300000,2026-01-16,19:55:00,4590.855,4592.149,4589.648,4590.245,0.332
1768593600000,2026-01-16,20:00:00,4590.285,4594.715,4588.565,4594.475,0.3203
1768593900000,2026-01-16,20:05:00,4594.315,4595.655,4592.805,4594.475,0.3486
1768594200000,2026-01-16,20:10:00,4594.475,4594.475,4591.248,4592.848,0.3621
1768594500000,2026-01-16,20:15:00,4592.748,4592.848,4588.898,4589.248,0.4709
1768594800000,2026-01-16,20:20:00,4589.405,4590.448,4588.248,4589.248,0.3273
1768595100000,2026-01-16,20:25:00,4589.148,4589.548,4587.198,4587.935,0.3177
1768595400000,2026-01-16,20:30:00,4587.929,4587.945,4580.335,4583.745,0.3052
1768595700000,2026-01-16,20:35:00,4583.795,4586.585,4582.545,4584.955,0.1929
1768596000000,2026-01-16,20:40:00,4584.975,4586.858,4583.878,4583.918,0.2211
1768596300000,2026-01-16,20:45:00,4583.918,4585.565,4583.705,4585.365,0.2177
1768596600000,2026-01-16,20:50:00,4585.365,4588.825,4584.835,4588.645,0.2532
1768596900000,2026-01-16,20:55:00,4588.625,4588.625,4581.315,4581.685,0.295
1768597200000,2026-01-16,21:00:00,4581.598,4584.765,4581.598,4582.415,0.0564
1768597500000,2026-01-16,21:05:00,4582.425,4583.695,4582.285,4583.315,0.0721
1768597800000,2026-01-16,21:10:00,4583.295,4586.545,4583.245,4586.345,0.0795
1768598100000,2026-01-16,21:15:00,4586.375,4598.085,4586.085,4597.865,0.1696
1768598400000,2026-01-16,21:20:00,4597.835,4598.035,4592.848,4592.948,0.0776
1768598700000,2026-01-16,21:25:00,4592.875,4593.148,4591.055,4591.985,0.0984
1768599000000,2026-01-16,21:30:00,4592.085,4593.248,4591.348,4591.685,0.0633
1768599300000,2026-01-16,21:35:00,4591.665,4595.075,4591.575,4594.755,0.0696
1768599600000,2026-01-16,21:40:00,4594.685,4595.555,4593.248,4594.148,0.0672
1768599900000,2026-01-16,21:45:00,4594.028,4595.598,4593.948,4594.548,0.1007
1768600200000,2026-01-16,21:50:00,4594.535,4595.848,4594.165,4595.198,0.1036
1768600500000,2026-01-16,21:55:00,4595.198,4596.648,4594.685,4595.515,0.1219
1768777200000,2026-01-18,23:00:00,4625.755,4649.675,4618.988,4647.045,0.233
1768777500000,2026-01-18,23:05:00,4648.198,4661.448,4645.555,4653.748,0.2389
1768777800000,2026-01-18,23:10:00,4653.848,4658.265,4653.148,4653.725,0.1875
1768778100000,2026-01-18,23:15:00,4653.695,4669.035,4653.375,4663.095,0.2417
1768778400000,2026-01-18,23:20:00,4663.165,4675.405,4660.315,4672.535,0.3927
1768778700000,2026-01-18,23:25:00,4672.555,4683.715,4671.785,4678.205,0.2294
1768779000000,2026-01-18,23:30:00,4678.335,4690.265,4675.498,4675.598,0.2882
1768779300000,2026-01-18,23:35:00,4675.698,4679.815,4671.595,4673.735,0.2878
1768779600000,2026-01-18,23:40:00,4673.565,4674.525,4661.175,4671.385,0.2389
1768779900000,2026-01-18,23:45:00,4671.405,4674.725,4663.585,4665.775,0.1847
1768780200000,2026-01-18,23:50:00,4665.785,4673.125,4664.025,4671.955,0.1591
1768780500000,2026-01-18,23:55:00,4672.025,4677.115,4670.215,4672.365,0.1356
1768780800000,2026-01-19,00:00:00,4672.375,4675.825,4668.255,4668.525,0.1438
1768781100000,2026-01-19,00:05:00,4668.575,4670.085,4665.255,4666.115,0.1922
1768781400000,2026-01-19,00:10:00,4666.105,4669.185,4664.965,4665.275,0.1594
1768781700000,2026-01-19,00:15:00,4665.275,4668.655,4660.685,4663.165,0.1709
1768782000000,2026-01-19,00:20:00,4663.135,4678.085,4662.795,4676.295,0.1703
1768782300000,2026-01-19,00:25:00,4676.325,4677.835,4673.645,4675.445,0.1148
1768782600000,2026-01-19,00:30:00,4675.425,4678.195,4672.958,4678.035,0.1391
1768782900000,2026-01-19,00:35:00,4677.945,4680.635,4674.095,4678.275,0.1662
1768783200000,2026-01-19,00:40:00,4678.325,4681.735,4675.778,4677.398,0.2324
1768783500000,2026-01-19,00:45:00,4677.698,4678.648,4674.215,4677.348,0.1975
1768783800000,2026-01-19,00:50:00,4677.348,4677.348,4672.125,4672.595,0.1088
1768784100000,2026-01-19,00:55:00,4672.415,4678.435,4671.755,4674.995,0.136
1768784400000,2026-01-19,01:00:00,4675.215,4678.285,4668.915,4669.405,0.3148
1768784700000,2026-01-19,01:05:00,4669.465,4676.555,4667.145,4671.175,0.2854
1768785000000,2026-01-19,01:10:00,4670.745,4672.095,4661.448,4662.765,0.3574
1768785300000,2026-01-19,01:15:00,4662.735,4667.515,4656.195,4664.595,0.3726
1768785600000,2026-01-19,01:20:00,4664.545,4669.475,4658.598,4658.798,0.3357
1768785900000,2026-01-19,01:25:00,4658.798,4662.815,4656.748,4662.055,0.2857
1768786200000,2026-01-19,01:30:00,4662.055,4664.255,4659.725,4661.075,0.1874
1768786500000,2026-01-19,01:35:00,4661.145,4663.335,4655.835,4657.245,0.2032
1768786800000,2026-01-19,01:40:00,4657.475,4662.535,4656.495,4662.225,0.1737
1768787100000,2026-01-19,01:45:00,4662.275,4664.265,4659.755,4664.175,0.1759
1768787400000,2026-01-19,01:50:00,4664.705,4667.285,4661.695,4662.755,0.1984
1768787700000,2026-01-19,01:55:00,4662.945,4663.015,4656.815,4657.045,0.1552
1768788000000,2026-01-19,02:00:00,4657.025,4658.585,4652.845,4655.495,0.249
1768788300000,2026-01-19,02:05:00,4655.415,4664.035,4655.075,4662.145,0.1677
1768788600000,2026-01-19,02:10:00,4662.195,4664.775,4658.665,4658.865,0.1428
1768788900000,2026-01-19,02:15:00,4658.885,4662.065,4657.645,4659.195,0.0725
1768789200000,2026-01-19,02:20:00,4659.235,4660.355,4656.805,4659.465,0.0846
1768789500000,2026-01-19,02:25:00,4659.425,4660.655,4656.655,4659.845,0.1008
1768789800000,2026-01-19,02:30:00,4659.815,4663.665,4658.895,4660.335,0.1878
1768790100000,2026-01-19,02:35:00,4660.305,4662.265,4658.878,4661.125,0.171
1768790400000,2026-01-19,02:40:00,4661.205,4662.205,4656.265,4658.275,0.1346
1768790700000,2026-01-19,02:45:00,4658.305,4659.385,4654.655,4657.985,0.1984
1768791000000,2026-01-19,02:50:00,4657.965,4661.098,4657.148,4660.165,0.2016
1768791300000,2026-01-19,02:55:00,4660.198,4664.135,4659.698,4662.275,0.1975
1768791600000,2026-01-19,03:00:00,4662.225,4667.455,4662.225,4664.615,0.1349
1768791900000,2026-01-19,03:05:00,4664.585,4667.535,4663.945,4667.195,0.1259
1768792200000,2026-01-19,03:10:00,4667.235,4669.385,4666.895,4668.665,0.173
1768792500000,2026-01-19,03:15:00,4668.645,4669.675,4666.638,4666.805,0.1302
1768792800000,2026-01-19,03:20:00,4666.798,4667.505,4664.498,4664.505,0.1829
1768793100000,2026-01-19,03:25:00,4664.545,4667.155,4663.635,4664.248,0.1597
1768793400000,2026-01-19,03:30:00,4664.448,4665.388,4661.468,4663.945,0.1736
1768793700000,2026-01-19,03:35:00,4663.845,4664.165,4661.798,4662.685,0.1119
1768794000000,2026-01-19,03:40:00,4662.735,4665.685,4661.798,4662.548,0.1179
1768794300000,2026-01-19,03:45:00,4662.548,4663.198,4659.045,4660.165,0.1456
1768794600000,2026-01-19,03:50:00,4660.048,4660.475,4657.948,4659.835,0.1716
1768794900000,2026-01-19,03:55:00,4659.848,4659.995,4657.845,4658.048,0.0984
1768795200000,2026-01-19,04:00:00,4658.208,4660.548,4657.898,4660.548,0.1307
1768795500000,2026-01-19,04:05:00,4660.548,4661.248,4659.448,4660.848,0.098
1768795800000,2026-01-19,04:10:00,4660.848,4662.155,4659.265,4662.145,0.0948
1768796100000,2026-01-19,04:15:00,4662.125,4663.005,4660.235,4661.825,0.1079
1768796400000,2026-01-19,04:20:00,4661.855,4662.575,4660.445,4661.895,0.0814
1768796700000,2026-01-19,04:25:00,4661.895,4664.755,4661.785,4662.275,0.0989
1768797000000,2026-01-19,04:30:00,4662.275,4662.945,4660.105,4661.525,0.046
1768797300000,2026-01-19,04:35:00,4661.385,4661.775,4658.995,4660.955,0.0801
1768797600000,2026-01-19,04:40:00,4660.985,4661.895,4659.425,4661.415,0.0658
1768797900000,2026-01-19,04:45:00,4661.155,4664.095,4660.935,4663.705,0.0663
1768798200000,2026-01-19,04:50:00,4663.805,4665.865,4663.385,4664.695,0.1043
1768798500000,2026-01-19,04:55:00,4664.715,4665.125,4663.065,4663.095,0.0891
1768798800000,2026-01-19,05:00:00,4663.075,4669.305,4662.955,4668.775,0.0913
1768799100000,2026-01-19,05:05:00,4668.805,4670.955,4666.845,4668.835,0.0917
1768799400000,2026-01-19,05:10:00,4668.895,4670.215,4668.415,4669.295,0.0592
1768799700000,2026-01-19,05:15:00,4669.265,4670.225,4668.998,4669.575,0.0721
1768800000000,2026-01-19,05:20:00,4669.535,4671.955,4668.715,4671.435,0.0662
1768800300000,2026-01-19,05:25:00,4671.405,4671.925,4668.509,4668.815,0.1106
1768800600000,2026-01-19,05:30:00,4668.769,4674.165,4668.769,4670.295,0.1989
1768800900000,2026-01-19,05:35:00,4670.115,4671.215,4667.378,4667.378,0.127
1768801200000,2026-01-19,05:40:00,4667.145,4668.125,4663.458,4663.985,0.1491
1768801500000,2026-01-19,05:45:00,4664.015,4669.845,4663.835,4668.685,0.1444
1768801800000,2026-01-19,05:50:00,4668.715,4669.395,4665.425,4667.105,0.1378
1768802100000,2026-01-19,05:55:00,4667.145,4671.805,4667.065,4669.815,0.1224
1768802400000,2026-01-19,06:00:00,4669.815,4670.145,4668.355,4669.695,0.1161
1768802700000,2026-01-19,06:05:00,4669.865,4669.895,4666.529,4668.855,0.1548
1768803000000,2026-01-19,06:10:00,4668.875,4670.255,4668.335,4668.989,0.1599
1768803300000,2026-01-19,06:15:00,4669.009,4669.815,4668.235,4669.419,0.1297
1768803600000,2026-01-19,06:20:00,4669.428,4672.455,4669.419,4671.205,0.1193
1768803900000,2026-01-19,06:25:00,4671.258,4671.615,4669.045,4669.505,0.1032
1768804200000,2026-01-19,06:30:00,4669.505,4674.955,4669.385,4674.475,0.121
1768804500000,2026-01-19,06:35:00,4674.435,4676.305,4673.195,4674.305,0.0995
1768804800000,2026-01-19,06:40:00,4674.255,4674.255,4671.185,4672.235,0.1192
1768805100000,2026-01-19,06:45:00,4672.275,4675.265,4672.205,4674.275,0.1147
1768805400000,2026-01-19,06:50:00,4674.225,4676.855,4673.855,4676.335,0.1338
1768805700000,2026-01-19,06:55:00,4676.375,4678.855,4676.185,4677.765,0.2103
1768806000000,2026-01-19,07:00:00,4677.725,4678.175,4674.235,4676.355,0.1167
1768806300000,2026-01-19,07:05:00,4676.365,4678.415,4674.968,4675.038,0.1267
1768806600000,2026-01-19,07:10:00,4675.038,4675.228,4667.885,4669.505,0.1651
1768806900000,2026-01-19,07:15:00,4669.455,4669.945,4663.335,4664.178,0.2158
1768807200000,2026-01-19,07:20:00,4664.208,4665.578,4663.535,4664.985,0.1958
1768807500000,2026-01-19,07:25:00,4664.925,4668.785,4664.875,4667.195,0.1612
1768807800000,2026-01-19,07:30:00,4667.205,4669.535,4665.975,4667.145,0.0885
1768808100000,2026-01-19,07:35:00,4667.165,4667.405,4665.155,4666.405,0.058
1768808400000,2026-01-19,07:40:00,4666.435,4666.505,4664.385,4664.485,0.07
1768808700000,2026-01-19,07:45:00,4664.515,4666.065,4662.915,4665.215,0.1037
1768809000000,2026-01-19,07:50:00,4665.265,4665.285,4662.795,4663.815,0.0774
1768809300000,2026-01-19,07:55:00,4663.875,4665.835,4661.628,4664.955,0.2436
1768809600000,2026-01-19,08:00:00,4664.955,4669.555,4663.545,4669.175,0.1529
1768809900000,2026-01-19,08:05:00,4669.155,4672.695,4668.175,4670.395,0.1234
1768810200000,2026-01-19,08:10:00,4670.435,4673.655,4668.888,4669.078,0.1145
1768810500000,2026-01-19,08:15:00,4669.078,4669.368,4666.845,4667.165,0.1261
1768810800000,2026-01-19,08:20:00,4667.145,4670.845,4667.035,4669.645,0.0641
1768811100000,2026-01-19,08:25:00,4669.675,4670.905,4667.975,4669.145,0.0734
1768811400000,2026-01-19,08:30:00,4669.175,4670.725,4668.355,4668.965,0.0481
1768811700000,2026-01-19,08:35:00,4668.938,4668.938,4666.395,4668.525,0.1056
1768812000000,2026-01-19,08:40:00,4668.545,4669.305,4666.865,4667.615,0.0804
1768812300000,2026-01-19,08:45:00,4667.585,4668.945,4665.448,4666.425,0.0859
1768812600000,2026-01-19,08:50:00,4666.445,4667.795,4663.478,4663.578,0.1415
1768812900000,2026-01-19,08:55:00,4663.578,4663.978,4661.345,4663.275,0.4576
1768813200000,2026-01-19,09:00:00,4663.275,4665.975,4661.658,4664.305,0.2726
1768813500000,2026-01-19,09:05:00,4664.325,4669.305,4664.265,4668.815,0.1666
1768813800000,2026-01-19,09:10:00,4668.745,4671.405,4668.725,4670.655,0.1232
1768814100000,2026-01-19,09:15:00,4670.685,4672.575,4670.455,4671.295,0.1875
1768814400000,2026-01-19,09:20:00,4671.295,4672.645,4666.965,4667.355,0.1756
1768814700000,2026-01-19,09:25:00,4667.355,4668.675,4665.778,4666.258,0.1034
1768815000000,2026-01-19,09:30:00,4666.215,4668.945,4664.598,4668.895,0.1646
1768815300000,2026-01-19,09:35:00,4668.935,4670.265,4667.725,4668.265,0.0674
1768815600000,2026-01-19,09:40:00,4668.285,4669.675,4667.065,4669.365,0.0859
1768815900000,2026-01-19,09:45:00,4669.395,4669.685,4668.735,4669.495,0.0496
1768816200000,2026-01-19,09:50:00,4669.465,4669.635,4668.195,4668.945,0.0701
1768816500000,2026-01-19,09:55:00,4668.985,4669.065,4666.898,4668.205,0.0645
1768816800000,2026-01-19,10:00:00,4668.155,4668.535,4666.555,4667.165,0.0658
1768817100000,2026-01-19,10:05:00,4667.145,4669.065,4667.105,4667.675,0.0462
1768817400000,2026-01-19,10:10:00,4667.645,4670.105,4666.758,4670.075,0.0614
1768817700000,2026-01-19,10:15:00,4670.365,4671.055,4666.845,4667.245,0.0931
1768818000000,2026-01-19,10:20:00,4667.315,4668.985,4665.745,4668.025,0.0723
1768818300000,2026-01-19,10:25:00,4667.995,4668.575,4665.245,4665.585,0.0537
1768818600000,2026-01-19,10:30:00,4665.555,4666.648,4663.805,4666.365,0.2355
1768818900000,2026-01-19,10:35:00,4666.395,4666.895,4664.265,4664.665,0.1758
1768819200000,2026-01-19,10:40:00,4664.665,4664.715,4660.948,4661.315,0.1407
1768819500000,2026-01-19,10:45:00,4661.335,4666.078,4661.215,4665.048,0.1409
1768819800000,2026-01-19,10:50:00,4665.148,4666.445,4664.098,4666.405,0.0712
1768820100000,2026-01-19,10:55:00,4666.355,4666.775,4663.255,4663.565,0.0766
1768820400000,2026-01-19,11:00:00,4663.595,4664.155,4661.685,4663.505,0.058
1768820700000,2026-01-19,11:05:00,4663.485,4665.095,4662.555,4664.175,0.052
1768821000000,2026-01-19,11:10:00,4664.165,4666.425,4664.165,4664.185,0.0436
1768821300000,2026-01-19,11:15:00,4664.215,4664.495,4661.555,4662.205,0.044
1768821600000,2026-01-19,11:20:00,4662.175,4663.775,4662.175,4663.395,0.0407
1768821900000,2026-01-19,11:25:00,4663.375,4667.005,4663.245,4666.725,0.0532
1768822200000,2026-01-19,11:30:00,4666.755,4667.335,4664.765,4664.995,0.0642
1768822500000,2026-01-19,11:35:00,4664.955,4664.975,4663.145,4663.315,0.0505
1768822800000,2026-01-19,11:40:00,4663.275,4665.225,4659.725,4664.605,0.0929
1768823100000,2026-01-19,11:45:00,4664.685,4665.885,4660.975,4662.435,0.141
1768823400000,2026-01-19,11:50:00,4662.515,4663.365,4660.975,4663.025,0.132
1768823700000,2026-01-19,11:55:00,4662.975,4663.915,4659.425,4660.295,0.1648
1768824000000,2026-01-19,12:00:00,4660.335,4663.445,4659.825,4662.635,0.1154
1768824300000,2026-01-19,12:05:00,4662.655,4664.925,4662.535,4664.015,0.0736
1768824600000,2026-01-19,12:10:00,4663.975,4666.175,4663.335,4665.695,0.0654
1768824900000,2026-01-19,12:15:00,4665.695,4671.875,4665.605,4669.955,0.1416
1768825200000,2026-01-19,12:20:00,4669.915,4671.245,4668.975,4670.455,0.0895
1768825500000,2026-01-19,12:25:00,4670.475,4671.895,4670.045,4670.775,0.0733
1768825800000,2026-01-19,12:30:00,4670.735,4673.255,4669.785,4672.245,0.1052
1768826100000,2026-01-19,12:35:00,4672.265,4672.335,4670.345,4671.385,0.0715
1768826400000,2026-01-19,12:40:00,4671.418,4673.585,4670.135,4671.435,0.0872
1768826700000,2026-01-19,12:45:00,4671.465,4671.805,4669.725,4669.745,0.0648
1768827000000,2026-01-19,12:50:00,4669.705,4670.835,4667.815,4670.625,0.0969
1768827300000,2026-01-19,12:55:00,4670.585,4672.665,4669.658,4671.805,0.1426
1768827600000,2026-01-19,13:00:00,4671.599,4673.375,4668.425,4670.335,0.1897
1768827900000,2026-01-19,13:05:00,4670.365,4672.595,4668.748,4670.348,0.1447
1768828200000,2026-01-19,13:10:00,4670.338,4671.468,4668.298,4670.095,0.3561
1768828500000,2026-01-19,13:15:00,4670.125,4671.485,4669.745,4670.295,0.1998
1768828800000,2026-01-19,13:20:00,4670.375,4671.825,4668.435,4670.535,0.2153
1768829100000,2026-01-19,13:25:00,4670.645,4671.865,4668.785,4671.625,0.1276
1768829400000,2026-01-19,13:30:00,4671.575,4673.565,4670.125,4670.855,0.127
1768829700000,2026-01-19,13:35:00,4670.875,4671.585,4667.875,4670.185,0.0938
1768830000000,2026-01-19,13:40:00,4670.155,4670.535,4666.165,4668.105,0.1013
1768830300000,2026-01-19,13:45:00,4668.035,4669.105,4667.075,4668.125,0.0985
1768830600000,2026-01-19,13:50:00,4668.165,4668.205,4664.798,4665.998,0.1675
1768830900000,2026-01-19,13:55:00,4666.018,4666.795,4664.185,4665.905,0.1208
1768831200000,2026-01-19,14:00:00,4665.885,4666.525,4663.448,4664.048,0.1636
1768831500000,2026-01-19,14:05:00,4664.048,4665.548,4662.148,4662.348,0.1745
1768831800000,2026-01-19,14:10:00,4662.348,4664.798,4661.198,4664.698,0.147
1768832100000,2026-01-19,14:15:00,4664.798,4667.098,4663.039,4666.998,0.2297
1768832400000,2026-01-19,14:20:00,4666.875,4668.098,4666.868,4667.455,0.1083
1768832700000,2026-01-19,14:25:00,4667.385,4668.355,4666.815,4667.915,0.0896
1768833000000,2026-01-19,14:30:00,4667.885,4670.205,4667.045,4667.045,0.1702
1768833300000,2026-01-19,14:35:00,4667.075,4667.935,4663.705,4664.685,0.1088
1768833600000,2026-01-19,14:40:00,4664.645,4667.125,4663.865,4667.015,0.0789
1768833900000,2026-01-19,14:45:00,4666.955,4667.245,4665.175,4666.185,0.1036
1768834200000,2026-01-19,14:50:00,4666.185,4668.775,4665.955,4668.085,0.1013
1768834500000,2026-01-19,14:55:00,4667.735,4668.555,4666.295,4666.355,0.1334
1768834800000,2026-01-19,15:00:00,4666.315,4669.795,4664.375,4667.625,0.1752
1768835100000,2026-01-19,15:05:00,4667.645,4670.765,4667.235,4669.615,0.0997
1768835400000,2026-01-19,15:10:00,4669.348,4669.545,4666.525,4667.885,0.1128
1768835700000,2026-01-19,15:15:00,4667.915,4668.665,4665.428,4665.618,0.2115
1768836000000,2026-01-19,15:20:00,4665.588,4666.545,4664.028,4664.495,0.3357
1768836300000,2026-01-19,15:25:00,4664.485,4666.505,4663.995,4666.415,0.4801
1768836600000,2026-01-19,15:30:00,4666.445,4666.755,4665.895,4666.465,0.0962
1768836900000,2026-01-19,15:35:00,4666.435,4669.645,4665.715,4669.545,0.1109
1768837200000,2026-01-19,15:40:00,4669.525,4670.975,4666.995,4670.135,0.1186
1768837500000,2026-01-19,15:45:00,4670.135,4672.555,4669.475,4672.315,0.1097
1768837800000,2026-01-19,15:50:00,4672.295,4674.848,4670.945,4674.585,0.094
1768838100000,2026-01-19,15:55:00,4674.615,4675.955,4672.645,4674.055,0.1506
1768838400000,2026-01-19,16:00:00,4674.085,4675.435,4671.525,4672.955,0.094
1768838700000,2026-01-19,16:05:00,4672.669,4673.425,4671.145,4672.685,0.0903
1768839000000,2026-01-19,16:10:00,4672.655,4674.145,4672.045,4672.255,0.0713
1768839300000,2026-01-19,16:15:00,4672.225,4672.595,4670.145,4671.485,0.0691
1768839600000,2026-01-19,16:20:00,4671.515,4672.635,4670.855,4671.755,0.0681
1768839900000,2026-01-19,16:25:00,4671.775,4672.245,4670.895,4671.335,0.0763
1768840200000,2026-01-19,16:30:00,4671.488,4672.175,4670.368,4670.445,0.099
1768840500000,2026-01-19,16:35:00,4670.468,4673.425,4670.298,4673.045,0.0637
1768840800000,2026-01-19,16:40:00,4673.075,4673.635,4672.325,4673.035,0.057
1768841100000,2026-01-19,16:45:00,4673.085,4673.285,4671.705,4672.695,0.113
1768841400000,2026-01-19,16:50:00,4672.745,4673.265,4671.385,4672.205,0.0933
1768841700000,2026-01-19,16:55:00,4672.375,4673.535,4671.698,4671.945,0.1018
1768842000000,2026-01-19,17:00:00,4671.975,4672.895,4671.338,4672.805,0.0594
1768842300000,2026-01-19,17:05:00,4672.845,4672.865,4670.775,4671.285,0.0509
1768842600000,2026-01-19,17:10:00,4671.345,4671.675,4670.285,4670.675,0.0567
1768842900000,2026-01-19,17:15:00,4670.645,4671.198,4668.975,4670.315,0.0928
1768843200000,2026-01-19,17:20:00,4670.315,4670.498,4669.648,4669.705,0.0836
1768843500000,2026-01-19,17:25:00,4669.705,4671.115,4668.848,4670.695,0.1737
1768843800000,2026-01-19,17:30:00,4670.755,4673.125,4670.735,4671.905,0.2265
1768844100000,2026-01-19,17:35:00,4671.925,4672.825,4671.425,4672.655,0.0873
1768844400000,2026-01-19,17:40:00,4672.685,4676.125,4672.685,4676.055,0.0718
1768844700000,2026-01-19,17:45:00,4676.075,4676.505,4673.888,4675.975,0.0765
1768845000000,2026-01-19,17:50:00,4676.005,4678.665,4676.005,4677.835,0.1078
1768845300000,2026-01-19,17:55:00,4677.895,4678.245,4675.655,4676.035,0.114
1768845600000,2026-01-19,18:00:00,4676.015,4676.015,4673.475,4674.225,0.0805
1768845900000,2026-01-19,18:05:00,4674.155,4675.285,4673.695,4674.295,0.1059
1768846200000,2026-01-19,18:10:00,4674.255,4675.765,4674.055,4675.205,0.0602
1768846500000,2026-01-19,18:15:00,4675.245,4676.715,4674.905,4675.765,0.0466
1768846800000,2026-01-19,18:20:00,4675.785,4680.105,4675.735,4678.895,0.0935
1768847100000,2026-01-19,18:25:00,4678.875,4679.055,4677.815,4678.205,0.0748
1768847400000,2026-01-19,18:30:00,4678.305,4678.315,4675.845,4676.215,0.0583
1768847700000,2026-01-19,18:35:00,4676.195,4677.355,4674.635,4677.215,0.0369
1768848000000,2026-01-19,18:40:00,4677.235,4678.615,4675.655,4677.485,0.0422
1768848300000,2026-01-19,18:45:00,4677.505,4677.925,4675.985,4676.195,0.0481
1768848600000,2026-01-19,18:50:00,4676.135,4676.435,4675.285,4675.765,0.0521
1768848900000,2026-01-19,18:55:00,4675.788,4676.648,4674.995,4676.248,0.0619
1768849200000,2026-01-19,19:00:00,4676.248,4676.348,4673.208,4674.148,0.1353
1768849500000,2026-01-19,19:05:00,4674.248,4674.648,4673.348,4673.998,0.0999
1768849800000,2026-01-19,19:10:00,4673.998,4674.098,4671.548,4671.555,0.0737
1768850100000,2026-01-19,19:15:00,4671.565,4672.298,4670.535,4671.898,0.1118
1768850400000,2026-01-19,19:20:00,4671.898,4671.898,4667.705,4669.945,0.1447
1768850700000,2026-01-19,19:25:00,4669.975,4670.685,4666.848,4669.975,0.0529
1768863600000,2026-01-19,23:00:00,4671.298,4676.448,4665.578,4668.198,0.2012
1768863900000,2026-01-19,23:05:00,4668.298,4671.198,4667.115,4670.348,0.066
1768864200000,2026-01-19,23:10:00,4670.348,4671.048,4668.498,4670.348,0.0543
1768864500000,2026-01-19,23:15:00,4670.235,4671.898,4669.215,4671.198,0.0516
1768864800000,2026-01-19,23:20:00,4671.198,4671.798,4667.685,4667.685,0.0461
1768865100000,2026-01-19,23:25:00,4667.845,4668.648,4664.298,4665.825,0.0738
1768865400000,2026-01-19,23:30:00,4666.035,4667.698,4665.215,4667.328,0.0635
1768865700000,2026-01-19,23:35:00,4667.398,4668.615,4665.075,4665.735,0.0414
1768866000000,2026-01-19,23:40:00,4665.765,4666.715,4664.185,4665.935,0.0592
1768866300000,2026-01-19,23:45:00,4665.905,4666.735,4665.595,4665.675,0.036
1768866600000,2026-01-19,23:50:00,4665.645,4665.935,4664.725,4665.395,0.0342
1768866900000,2026-01-19,23:55:00,4665.415,4666.235,4664.715,4665.135,0.043
1768867200000,2026-01-20,00:00:00,4665.145,4666.565,4663.798,4664.345,0.0843
1768867500000,2026-01-20,00:05:00,4664.375,4667.175,4664.035,4666.385,0.058
1768867800000,2026-01-20,00:10:00,4666.355,4667.745,4665.785,4667.715,0.0404
1768868100000,2026-01-20,00:15:00,4667.695,4667.815,4665.175,4665.385,0.0382
1768868400000,2026-01-20,00:20:00,4665.435,4665.675,4663.525,4664.105,0.0549
1768868700000,2026-01-20,00:25:00,4663.905,4664.148,4659.245,4659.425,0.0989
1768869000000,2026-01-20,00:30:00,4659.425,4665.695,4659.335,4664.655,0.085
1768869300000,2026-01-20,00:35:00,4664.695,4666.195,4661.555,4661.895,0.0957
1768869600000,2026-01-20,00:40:00,4661.875,4663.175,4660.505,4662.965,0.0629
1768869900000,2026-01-20,00:45:00,4662.935,4663.985,4662.515,4662.605,0.0847
1768870200000,2026-01-20,00:50:00,4662.585,4663.705,4661.535,4662.555,0.094
1768870500000,2026-01-20,00:55:00,4662.515,4663.715,4660.085,4660.095,0.1028
1768870800000,2026-01-20,01:00:00,4660.115,4668.695,4659.665,4668.265,0.2447
1768871100000,2026-01-20,01:05:00,4668.245,4673.335,4667.235,4671.435,0.1721
1768871400000,2026-01-20,01:10:00,4671.465,4672.745,4667.245,4670.075,0.1862
1768871700000,2026-01-20,01:15:00,4670.095,4672.135,4668.485,4669.408,0.1941
1768872000000,2026-01-20,01:20:00,4669.338,4669.795,4665.835,4668.645,0.1966
1768872300000,2026-01-20,01:25:00,4668.815,4671.835,4668.595,4670.825,0.132
1768872600000,2026-01-20,01:30:00,4670.795,4674.135,4670.795,4674.105,0.1358
1768872900000,2026-01-20,01:35:00,4674.055,4675.885,4673.445,4674.575,0.1223
1768873200000,2026-01-20,01:40:00,4674.525,4674.815,4672.215,4672.915,0.1246
1768873500000,2026-01-20,01:45:00,4672.795,4674.625,4672.225,4672.225,0.135
1768873800000,2026-01-20,01:50:00,4672.105,4672.825,4671.525,4671.915,0.1584
1768874100000,2026-01-20,01:55:00,4671.885,4672.225,4665.475,4669.505,0.2049
1768874400000,2026-01-20,02:00:00,4669.395,4671.765,4669.075,4669.665,0.132
1768874700000,2026-01-20,02:05:00,4669.695,4670.485,4665.785,4666.598,0.1843
1768875000000,2026-01-20,02:10:00,4666.779,4668.185,4665.205,4665.865,0.2123
1768875300000,2026-01-20,02:15:00,4665.745,4667.885,4665.355,4667.295,0.0855
1768875600000,2026-01-20,02:20:00,4667.275,4668.875,4666.945,4667.785,0.108
1768875900000,2026-01-20,02:25:00,4667.825,4673.345,4667.825,4671.845,0.1284
1768876200000,2026-01-20,02:30:00,4671.875,4674.115,4670.085,4673.535,0.1616
1768876500000,2026-01-20,02:35:00,4673.525,4674.385,4671.835,4673.515,0.1453
1768876800000,2026-01-20,02:40:00,4673.565,4674.645,4672.025,4673.855,0.1357
1768877100000,2026-01-20,02:45:00,4673.925,4674.055,4667.545,4667.755,0.1914
1768877400000,2026-01-20,02:50:00,4667.815,4668.935,4666.515,4668.405,0.1728
1768877700000,2026-01-20,02:55:00,4668.395,4669.745,4667.295,4668.505,0.1315
1768878000000,2026-01-20,03:00:00,4668.565,4669.875,4666.565,4668.395,0.1187
1768878300000,2026-01-20,03:05:00,4668.305,4668.835,4665.735,4666.165,0.1769
1768878600000,2026-01-20,03:10:00,4666.755,4671.385,4666.565,4671.385,0.1315
1768878900000,2026-01-20,03:15:00,4671.435,4673.395,4670.955,4672.875,0.1402
1768879200000,2026-01-20,03:20:00,4672.845,4673.995,4671.895,4673.075,0.1389
1768879500000,2026-01-20,03:25:00,4673.125,4673.705,4672.425,4673.095,0.1498
1768879800000,2026-01-20,03:30:00,4672.965,4675.465,4672.565,4675.235,0.111
1768880100000,2026-01-20,03:35:00,4675.215,4675.915,4674.605,4675.675,0.053
1768880400000,2026-01-20,03:40:00,4675.775,4678.765,4675.755,4676.675,0.1177
1768880700000,2026-01-20,03:45:00,4676.715,4678.425,4676.715,4677.695,0.1094
1768881000000,2026-01-20,03:50:00,4677.695,4681.355,4677.575,4680.005,0.1254
1768881300000,2026-01-20,03:55:00,4679.975,4680.665,4678.465,4679.985,0.0648
1768881600000,2026-01-20,04:00:00,4679.965,4681.615,4679.505,4679.505,0.0729
1768881900000,2026-01-20,04:05:00,4679.435,4682.365,4679.405,4679.945,0.0805
1768882200000,2026-01-20,04:10:00,4679.945,4680.728,4679.425,4680.185,0.1448
1768882500000,2026-01-20,04:15:00,4680.245,4683.081,4680.195,4682.295,0.1011
1768882800000,2026-01-20,04:20:00,4682.315,4684.175,4681.805,4683.575,0.1773
1768883100000,2026-01-20,04:25:00,4683.535,4686.915,4683.355,4685.548,0.219
1768883400000,2026-01-20,04:30:00,4685.465,4687.795,4684.145,4687.325,0.131
1768883700000,2026-01-20,04:35:00,4687.255,4691.348,4687.085,4689.898,0.2243
1768884000000,2026-01-20,04:40:00,4689.898,4693.098,4688.568,4689.318,0.228
1768884300000,2026-01-20,04:45:00,4689.318,4694.025,4688.498,4692.835,0.284
1768884600000,2026-01-20,04:50:00,4692.795,4693.525,4691.358,4693.095,0.1598
1768884900000,2026-01-20,04:55:00,4693.115,4696.785,4692.245,4695.025,0.1338
1768885200000,2026-01-20,05:00:00,4694.995,4697.415,4694.615,4694.845,0.1232
1768885500000,2026-01-20,05:05:00,4694.875,4700.938,4694.355,4696.715,0.2048
1768885800000,2026-01-20,05:10:00,4696.685,4701.235,4696.265,4699.425,0.115
1768886100000,2026-01-20,05:15:00,4699.415,4700.405,4697.565,4697.915,0.097
1768886400000,2026-01-20,05:20:00,4697.975,4699.245,4694.645,4694.915,0.0817
1768886700000,2026-01-20,05:25:00,4694.865,4699.225,4694.808,4695.735,0.1054
1768887000000,2026-01-20,05:30:00,4695.765,4705.075,4694.115,4704.635,0.2495
1768887300000,2026-01-20,05:35:00,4704.655,4705.135,4700.975,4702.975,0.1916
1768887600000,2026-01-20,05:40:00,4702.975,4706.035,4700.785,4704.875,0.2072
1768887900000,2026-01-20,05:45:00,4704.895,4707.515,4704.695,4707.255,0.1628
1768888200000,2026-01-20,05:50:00,4707.185,4709.945,4707.175,4709.735,0.1887
1768888500000,2026-01-20,05:55:00,4709.795,4716.395,4709.155,4714.148,0.2217
1768888800000,2026-01-20,06:00:00,4714.148,4716.065,4707.175,4713.045,0.2387
1768889100000,2026-01-20,06:05:00,4712.995,4716.925,4712.389,4713.345,0.1831
1768889400000,2026-01-20,06:10:00,4713.245,4716.635,4711.785,4712.905,0.1959
1768889700000,2026-01-20,06:15:00,4712.935,4715.295,4709.715,4713.985,0.1762
1768890000000,2026-01-20,06:20:00,4713.955,4714.405,4709.365,4710.455,0.1682
1768890300000,2026-01-20,06:25:00,4710.495,4713.275,4709.275,4712.275,0.1482
1768890600000,2026-01-20,06:30:00,4712.295,4714.905,4708.625,4708.635,0.1895
1768890900000,2026-01-20,06:35:00,4708.618,4710.785,4706.305,4706.565,0.1967
1768891200000,2026-01-20,06:40:00,4706.535,4711.075,4705.355,4710.605,0.1681
1768891500000,2026-01-20,06:45:00,4710.625,4714.195,4709.115,4713.485,0.1265
1768891800000,2026-01-20,06:50:00,4713.515,4715.075,4712.545,4714.455,0.1361
1768892100000,2026-01-20,06:55:00,4714.485,4715.045,4712.085,4712.285,0.0984
1768892400000,2026-01-20,07:00:00,4712.245,4715.735,4711.215,4713.835,0.1382
1768892700000,2026-01-20,07:05:00,4713.855,4714.905,4712.498,4713.655,0.0975
1768893000000,2026-01-20,07:10:00,4713.735,4717.545,4713.545,4715.335,0.1147
1768893300000,2026-01-20,07:15:00,4715.315,4716.705,4714.595,4716.225,0.0907
1768893600000,2026-01-20,07:20:00,4716.205,4720.85,4714.548,4718.985,0.1157
1768893900000,2026-01-20,07:25:00,4719.045,4722.005,4716.035,4717.735,0.1859
1768894200000,2026-01-20,07:30:00,4718.095,4720.498,4716.475,4719.025,0.1067
1768894500000,2026-01-20,07:35:00,4719.075,4721.415,4718.595,4718.875,0.1061
1768894800000,2026-01-20,07:40:00,4718.915,4720.515,4718.105,4719.855,0.0916
1768895100000,2026-01-20,07:45:00,4719.835,4722.505,4719.565,4720.485,0.1291
1768895400000,2026-01-20,07:50:00,4720.425,4720.635,4716.325,4716.595,0.098
1768895700000,2026-01-20,07:55:00,4716.555,4717.625,4714.575,4715.915,0.1237
1768896000000,2026-01-20,08:00:00,4715.945,4720.605,4714.745,4720.425,0.1298
1768896300000,2026-01-20,08:05:00,4720.455,4724.825,4718.575,4724.355,0.1404
1768896600000,2026-01-20,08:10:00,4724.315,4725.395,4722.785,4724.305,0.1262
1768896900000,2026-01-20,08:15:00,4724.235,4724.325,4721.235,4721.515,0.1128
1768897200000,2026-01-20,08:20:00,4721.535,4725.095,4719.425,4719.898,0.1602
1768897500000,2026-01-20,08:25:00,4719.979,4721.199,4717.658,4718.355,0.3035
1768897800000,2026-01-20,08:30:00,4718.315,4724.325,4717.835,4720.745,0.2111
1768898100000,2026-01-20,08:35:00,4720.565,4720.675,4715.715,4719.535,0.168
1768898400000,2026-01-20,08:40:00,4719.465,4723.635,4718.815,4722.725,0.1209
1768898700000,2026-01-20,08:45:00,4722.775,4725.115,4722.535,4723.915,0.1392
1768899000000,2026-01-20,08:50:00,4723.915,4728.505,4723.755,4728.215,0.1593
1768899300000,2026-01-20,08:55:00,4728.245,4731.435,4727.735,4729.205,0.1595
1768899600000,2026-01-20,09:00:00,4729.225,4730.025,4727.048,4728.475,0.1709
1768899900000,2026-01-20,09:05:00,4728.495,4731.445,4727.905,4728.035,0.1287
1768900200000,2026-01-20,09:10:00,4728.055,4728.505,4723.875,4725.065,0.1393
1768900500000,2026-01-20,09:15:00,4725.045,4726.075,4722.178,4722.245,0.1485
1768900800000,2026-01-20,09:20:00,4722.245,4729.865,4720.998,4728.325,0.1724
1768901100000,2026-01-20,09:25:00,4728.355,4733.725,4727.235,4733.135,0.1224
1768901400000,2026-01-20,09:30:00,4733.105,4735.965,4732.705,4733.935,0.184
1768901700000,2026-01-20,09:35:00,4733.955,4735.985,4733.075,4733.895,0.1021
1768902000000,2026-01-20,09:40:00,4733.945,4736.045,4733.695,4734.075,0.1039
1768902300000,2026-01-20,09:45:00,4734.095,4737.285,4733.115,4736.095,0.1233
1768902600000,2026-01-20,09:50:00,4736.135,4737.185,4733.085,4733.495,0.1606
1768902900000,2026-01-20,09:55:00,4733.515,4735.065,4732.095,4732.165,0.1032
1768903200000,2026-01-20,10:00:00,4732.195,4734.825,4730.368,4732.275,0.1125
1768903500000,2026-01-20,10:05:00,4732.305,4733.445,4731.105,4732.555,0.0887
1768903800000,2026-01-20,10:10:00,4732.495,4733.135,4729.988,4731.105,0.1279
1768904100000,2026-01-20,10:15:00,4731.125,4733.195,4730.405,4731.465,0.1072
1768904400000,2026-01-20,10:20:00,4731.075,4732.728,4730.148,4731.858,0.1627
1768904700000,2026-01-20,10:25:00,4731.858,4732.898,4727.455,4727.558,0.1699
1768905000000,2026-01-20,10:30:00,4727.578,4729.045,4723.075,4726.235,0.1633
1768905300000,2026-01-20,10:35:00,4726.205,4727.375,4724.535,4725.985,0.1382
1768905600000,2026-01-20,10:40:00,4726.085,4727.505,4723.475,4724.295,0.1382
1768905900000,2026-01-20,10:45:00,4724.285,4725.378,4722.785,4724.595,0.176
1768906200000,2026-01-20,10:50:00,4724.625,4727.765,4724.625,4727.355,0.0827
1768906500000,2026-01-20,10:55:00,4727.505,4728.035,4725.875,4726.355,0.068
1768906800000,2026-01-20,11:00:00,4726.375,4727.805,4725.845,4726.015,0.0904
1768907100000,2026-01-20,11:05:00,4725.945,4726.865,4721.415,4725.125,0.0984
1768907400000,2026-01-20,11:10:00,4725.095,4727.785,4725.038,4726.115,0.1229
1768907700000,2026-01-20,11:15:00,4726.255,4727.815,4725.498,4727.615,0.0775
1768908000000,2026-01-20,11:20:00,4727.585,4729.115,4725.745,4727.095,0.1373
1768908300000,2026-01-20,11:25:00,4727.135,4728.355,4726.645,4726.645,0.1705
1768908600000,2026-01-20,11:30:00,4726.805,4727.425,4725.735,4725.765,0.1061
1768908900000,2026-01-20,11:35:00,4725.705,4731.345,4725.605,4731.015,0.1694
1768909200000,2026-01-20,11:40:00,4730.995,4732.145,4729.345,4732.095,0.1461
1768909500000,2026-01-20,11:45:00,4732.175,4733.555,4731.305,4733.535,0.1871
1768909800000,2026-01-20,11:50:00,4733.515,4735.145,4730.695,4730.715,0.0981
1768910100000,2026-01-20,11:55:00,4730.698,4732.945,4730.385,4732.885,0.1293
1768910400000,2026-01-20,12:00:00,4732.678,4732.678,4728.195,4728.845,0.143
1768910700000,2026-01-20,12:05:00,4728.795,4732.445,4728.355,4731.325,0.0978
1768911000000,2026-01-20,12:10:00,4731.315,4731.415,4728.665,4729.885,0.111
1768911300000,2026-01-20,12:15:00,4730.015,4730.175,4728.215,4729.525,0.141
1768911600000,2026-01-20,12:20:00,4729.565,4730.225,4728.095,4729.345,0.109
1768911900000,2026-01-20,12:25:00,4729.315,4729.635,4725.935,4726.355,0.1059
1768912200000,2026-01-20,12:30:00,4726.415,4728.215,4723.765,4726.255,0.1261
1768912500000,2026-01-20,12:35:00,4726.275,4726.605,4724.218,4725.495,0.1315
1768912800000,2026-01-20,12:40:00,4725.458,4728.885,4724.545,4726.555,0.1578
1768913100000,2026-01-20,12:45:00,4726.535,4727.555,4725.795,4726.805,0.1472
1768913400000,2026-01-20,12:50:00,4726.675,4728.555,4726.525,4728.435,0.1053
1768913700000,2026-01-20,12:55:00,4728.415,4729.145,4727.335,4727.365,0.139
1768914000000,2026-01-20,13:00:00,4727.345,4728.235,4721.875,4724.815,0.2841
1768914300000,2026-01-20,13:05:00,4724.865,4725.975,4721.995,4722.895,0.1976
1768914600000,2026-01-20,13:10:00,4722.995,4726.005,4722.085,4723.298,0.2229
1768914900000,2026-01-20,13:15:00,4723.198,4725.268,4721.405,4724.798,0.2789
1768915200000,2026-01-20,13:20:00,4725.065,4725.798,4715.735,4721.435,0.2636
1768915500000,2026-01-20,13:25:00,4721.285,4721.815,4717.745,4719.105,0.181
1768915800000,2026-01-20,13:30:00,4719.135,4727.895,4715.075,4723.488,0.3
1768916100000,2026-01-20,13:35:00,4723.505,4726.275,4719.725,4720.585,0.1663
1768916400000,2026-01-20,13:40:00,4720.665,4730.175,4720.125,4729.515,0.2494
1768916700000,2026-01-20,13:45:00,4729.715,4730.845,4727.235,4730.075,0.2977
1768917000000,2026-01-20,13:50:00,4730.095,4734.055,4727.275,4731.545,0.3345
1768917300000,2026-01-20,13:55:00,4731.585,4738.165,4730.745,4736.855,0.2607
1768917600000,2026-01-20,14:00:00,4736.905,4748.298,4735.645,4740.998,0.4309
1768917900000,2026-01-20,14:05:00,4741.098,4743.098,4732.055,4736.795,0.2945
1768918200000,2026-01-20,14:10:00,4736.815,4741.735,4735.085,4740.645,0.2441
1768918500000,2026-01-20,14:15:00,4740.595,4745.375,4740.095,4744.765,0.2539
1768918800000,2026-01-20,14:20:00,4744.815,4746.265,4740.885,4742.355,0.4004
1768919100000,2026-01-20,14:25:00,4742.405,4750.455,4740.615,4750.395,0.7917
1768919400000,2026-01-20,14:30:00,4750.365,4750.835,4730.455,4730.575,0.5032
1768919700000,2026-01-20,14:35:00,4730.535,4739.898,4728.295,4738.765,0.4652
1768920000000,2026-01-20,14:40:00,4738.685,4740.525,4732.098,4738.035,0.4172
1768920300000,2026-01-20,14:45:00,4737.808,4742.055,4734.565,4736.248,0.4037
1768920600000,2026-01-20,14:50:00,4736.648,4740.915,4732.925,4737.485,0.4496
1768920900000,2026-01-20,14:55:00,4737.445,4741.185,4735.275,4740.805,0.3544
1768921200000,2026-01-20,15:00:00,4740.658,4747.235,4738.215,4746.898,0.2837
1768921500000,2026-01-20,15:05:00,4746.898,4748.295,4742.978,4744.745,0.3095
1768921800000,2026-01-20,15:10:00,4745.175,4746.915,4741.515,4744.335,0.3258
1768922100000,2026-01-20,15:15:00,4744.295,4744.375,4735.848,4737.488,0.4809
1768922400000,2026-01-20,15:20:00,4737.365,4742.008,4727.835,4729.325,0.5654
1768922700000,2026-01-20,15:25:00,4729.365,4729.365,4722.028,4723.795,0.8506
1768923000000,2026-01-20,15:30:00,4723.815,4735.455,4722.285,4733.285,0.5152
1768923300000,2026-01-20,15:35:00,4733.305,4733.355,4723.435,4725.935,0.6284
1768923600000,2026-01-20,15:40:00,4725.845,4733.745,4725.845,4732.535,0.9975
1768923900000,2026-01-20,15:45:00,4732.535,4738.585,4728.768,4737.335,0.4085
1768924200000,2026-01-20,15:50:00,4737.355,4738.955,4735.908,4736.308,0.7486
1768924500000,2026-01-20,15:55:00,4736.315,4738.128,4731.605,4737.215,0.8646
1768924800000,2026-01-20,16:00:00,4737.235,4739.115,4730.515,4730.935,0.7663
1768925100000,2026-01-20,16:05:00,4730.958,4735.965,4728.685,4734.545,0.3512
1768925400000,2026-01-20,16:10:00,4734.595,4743.165,4734.595,4741.225,0.2835
1768925700000,2026-01-20,16:15:00,4741.445,4743.965,4740.125,4740.635,0.2376
1768926000000,2026-01-20,16:20:00,4740.605,4743.135,4738.165,4739.665,0.2103
1768926300000,2026-01-20,16:25:00,4739.665,4742.985,4735.165,4740.905,0.2048
1768926600000,2026-01-20,16:30:00,4740.835,4743.735,4740.345,4742.185,0.1876
1768926900000,2026-01-20,16:35:00,4742.165,4744.995,4741.655,4744.595,0.2126
1768927200000,2026-01-20,16:40:00,4744.568,4745.385,4741.945,4745.025,0.161
1768927500000,2026-01-20,16:45:00,4745.065,4748.728,4745.045,4748.395,0.1839
1768927800000,2026-01-20,16:50:00,4748.365,4750.915,4745.415,4750.795,0.2485
1768928100000,2026-01-20,16:55:00,4750.825,4757.355,4750.425,4753.255,0.5551
1768928400000,2026-01-20,17:00:00,4753.245,4753.245,4745.755,4749.498,0.2527
1768928700000,2026-01-20,17:05:00,4749.498,4750.275,4747.535,4748.475,0.1796
1768929000000,2026-01-20,17:10:00,4748.425,4754.085,4746.675,4753.825,0.1739
1768929300000,2026-01-20,17:15:00,4753.705,4755.335,4751.805,4753.955,0.3193
1768929600000,2026-01-20,17:20:00,4753.965,4754.648,4751.598,4751.605,0.2902
1768929900000,2026-01-20,17:25:00,4751.798,4756.398,4751.498,4754.765,0.182
1768930200000,2026-01-20,17:30:00,4754.745,4755.815,4751.885,4754.168,0.1699
1768930500000,2026-01-20,17:35:00,4754.145,4755.675,4752.968,4753.768,0.1727
1768930800000,2026-01-20,17:40:00,4753.765,4757.755,4752.015,4756.325,0.2824
1768931100000,2026-01-20,17:45:00,4756.355,4756.795,4751.978,4756.505,0.2157
1768931400000,2026-01-20,17:50:00,4756.505,4758.815,4756.225,4758.555,0.2141
1768931700000,2026-01-20,17:55:00,4758.555,4762.205,4757.455,4758.898,0.3034
1768932000000,2026-01-20,18:00:00,4758.915,4762.998,4758.285,4760.865,0.3589
1768932300000,2026-01-20,18:05:00,4760.915,4763.435,4759.368,4762.935,0.2386
1768932600000,2026-01-20,18:10:00,4763.005,4764.955,4761.798,4762.905,0.1932
1768932900000,2026-01-20,18:15:00,4762.925,4765.495,4762.605,4765.145,0.1511
1768933200000,2026-01-20,18:20:00,4765.125,4766.045,4762.548,4763.025,0.1747
1768933500000,2026-01-20,18:25:00,4762.825,4762.995,4759.215,4761.315,0.1875
1768933800000,2026-01-20,18:30:00,4761.275,4762.655,4760.145,4762.025,0.205
1768934100000,2026-01-20,18:35:00,4762.025,4762.325,4758.605,4759.255,0.1341
1768934400000,2026-01-20,18:40:00,4759.285,4759.458,4756.955,4757.405,0.1469
1768934700000,2026-01-20,18:45:00,4757.435,4759.648,4756.848,4759.015,0.1675
1768935000000,2026-01-20,18:50:00,4759.045,4759.205,4752.485,4754.575,0.2218
1768935300000,2026-01-20,18:55:00,4754.595,4760.098,4754.595,4759.205,0.2087
1768935600000,2026-01-20,19:00:00,4759.205,4760.045,4756.235,4758.045,0.3234
1768935900000,2026-01-20,19:05:00,4758.055,4759.225,4757.048,4757.685,0.4321
1768936200000,2026-01-20,19:10:00,4757.705,4760.248,4757.345,4758.955,0.2148
1768936500000,2026-01-20,19:15:00,4758.898,4766.145,4758.035,4765.535,0.1873
1768936800000,2026-01-20,19:20:00,4765.555,4766.045,4762.215,4764.615,0.1478
1768937100000,2026-01-20,19:25:00,4764.575,4764.575,4758.975,4759.308,0.1084
1768937400000,2026-01-20,19:30:00,4759.255,4759.935,4756.585,4759.125,0.1498
1768937700000,2026-01-20,19:35:00,4759.355,4762.345,4757.975,4762.045,0.1169
1768938000000,2026-01-20,19:40:00,4762.025,4763.795,4760.955,4763.225,0.1216
1768938300000,2026-01-20,19:45:00,4763.058,4763.698,4761.298,4762.048,0.1342
1768938600000,2026-01-20,19:50:00,4761.995,4762.048,4760.015,4760.155,0.1006
1768938900000,2026-01-20,19:55:00,4760.195,4761.015,4758.335,4760.555,0.101
1768939200000,2026-01-20,20:00:00,4760.505,4760.685,4757.485,4757.565,0.1125
1768939500000,2026-01-20,20:05:00,4757.605,4758.765,4755.498,4757.485,0.2067
1768939800000,2026-01-20,20:10:00,4757.455,4760.995,4757.245,4759.915,0.1976
1768940100000,2026-01-20,20:15:00,4759.865,4760.565,4751.595,4755.565,0.2461
1768940400000,2026-01-20,20:20:00,4755.585,4756.445,4747.048,4749.435,0.4646
1768940700000,2026-01-20,20:25:00,4749.645,4754.698,4748.235,4750.165,0.318
1768941000000,2026-01-20,20:30:00,4750.185,4754.945,4749.845,4752.915,0.1745
1768941300000,2026-01-20,20:35:00,4752.865,4754.605,4750,4750.375,0.1816
1768941600000,2026-01-20,20:40:00,4750.405,4752.055,4748.605,4749.525,0.2239
1768941900000,2026-01-20,20:45:00,4749.565,4754.775,4749.105,4753.375,0.1776
1768942200000,2026-01-20,20:50:00,4753.335,4755.085,4751.898,4755.075,0.185
1768942500000,2026-01-20,20:55:00,4755.069,4757.715,4754.265,4756.405,0.3426
1768942800000,2026-01-20,21:00:00,4756.415,4758.998,4756.055,4758.798,0.1273
1768943100000,2026-01-20,21:05:00,4758.798,4760.048,4758.345,4758.495,0.1167
1768943400000,2026-01-20,21:10:00,4758.465,4760.265,4758.325,4760.205,0.0751
1768943700000,2026-01-20,21:15:00,4760.215,4760.565,4759.315,4760.335,0.1092
1768944000000,2026-01-20,21:20:00,4760.335,4760.725,4759.435,4760.215,0.0776
1768944300000,2026-01-20,21:25:00,4760.215,4760.575,4759.185,4759.505,0.0796
1768944600000,2026-01-20,21:30:00,4759.505,4759.508,4757.055,4757.645,0.0522
1768944900000,2026-01-20,21:35:00,4757.645,4758.245,4757.005,4758.245,0.0368
1768945200000,2026-01-20,21:40:00,4758.198,4759.105,4757.515,4759.015,0.0411
1768945500000,2026-01-20,21:45:00,4759.035,4763.775,4758.645,4763.305,0.0512
1768945800000,2026-01-20,21:50:00,4763.295,4763.575,4761.805,4762.005,0.0446
1768946100000,2026-01-20,21:55:00,4762.105,4763.445,4761.698,4762.945,0.0542
1768950000000,2026-01-20,23:00:00,4761.375,4765.798,4756.578,4761.648,0.0955
1768950300000,2026-01-20,23:05:00,4761.645,4761.898,4758.748,4759.248,0.0354
1768950600000,2026-01-20,23:10:00,4759.148,4759.935,4757.445,4757.825,0.0709
1768950900000,2026-01-20,23:15:00,4758.025,4760.925,4757.585,4759.805,0.0596
1768951200000,2026-01-20,23:20:00,4759.855,4760.285,4758.415,4758.555,0.0426
1768951500000,2026-01-20,23:25:00,4758.655,4760.605,4757.775,4759.495,0.0343
1768951800000,2026-01-20,23:30:00,4759.465,4761.965,4758.415,4761.165,0.0437
1768952100000,2026-01-20,23:35:00,4761.165,4763.125,4761.105,4762.985,0.0498
1768952400000,2026-01-20,23:40:00,4763.405,4773.405,4763.105,4773.405,0.0768
1768952700000,2026-01-20,23:45:00,4773.435,4780.895,4771.745,4777.748,0.173
1768953000000,2026-01-20,23:50:00,4777.948,4778.748,4774.505,4776.595,0.1174
1768953300000,2026-01-20,23:55:00,4776.565,4777.895,4773.755,4775.625,0.0804
1768953600000,2026-01-21,00:00:00,4775.605,4775.605,4770.198,4772.495,0.108
1768953900000,2026-01-21,00:05:00,4772.385,4776.175,4772.365,4775.898,0.0792
1768954200000,2026-01-21,00:10:00,4775.915,4777.565,4774.715,4776.465,0.0704
1768954500000,2026-01-21,00:15:00,4776.445,4777.215,4775.155,4776.835,0.0611
1768954800000,2026-01-21,00:20:00,4776.835,4776.865,4774.385,4774.505,0.0548
1768955100000,2026-01-21,00:25:00,4774.465,4779.655,4773.485,4776.925,0.0721
1768955400000,2026-01-21,00:30:00,4776.895,4783.615,4776.445,4781.765,0.1334
1768955700000,2026-01-21,00:35:00,4781.865,4783.845,4779.695,4783.595,0.0882
1768956000000,2026-01-21,00:40:00,4783.545,4785.655,4782.055,4784.855,0.0862
1768956300000,2026-01-21,00:45:00,4784.815,4785.045,4781.985,4783.995,0.0817
1768956600000,2026-01-21,00:50:00,4784.035,4786.535,4784.025,4786.255,0.1009
1768956900000,2026-01-21,00:55:00,4786.255,4787.495,4783.805,4784.325,0.1115
1768957200000,2026-01-21,01:00:00,4784.305,4794.575,4783.315,4792.275,0.3223
1768957500000,2026-01-21,01:05:00,4792.295,4799.885,4791.559,4795.485,0.2545
1768957800000,2026-01-21,01:10:00,4795.275,4809.735,4793.915,4807.575,0.2536
1768958100000,2026-01-21,01:15:00,4807.545,4813.625,4804.815,4812.825,0.2888
1768958400000,2026-01-21,01:20:00,4812.845,4817.785,4810.235,4816.755,0.3037
1768958700000,2026-01-21,01:25:00,4816.785,4827.465,4814.435,4827.195,0.2766
1768959000000,2026-01-21,01:30:00,4827.165,4836.365,4814.995,4816.355,0.4231
1768959300000,2026-01-21,01:35:00,4816.385,4825.555,4814.725,4819.055,0.2999
1768959600000,2026-01-21,01:40:00,4818.985,4820.395,4815.275,4818.595,0.2361
1768959900000,2026-01-21,01:45:00,4818.545,4827.155,4818.545,4826.565,0.2254
1768960200000,2026-01-21,01:50:00,4826.605,4843.775,4825.985,4843.715,0.2416
1768960500000,2026-01-21,01:55:00,4843.735,4843.925,4832.745,4835.045,0.2325
1768960800000,2026-01-21,02:00:00,4835.155,4841.945,4833.285,4834.185,0.2413
1768961100000,2026-01-21,02:05:00,4834.145,4838.695,4830,4830,0.1781
1768961400000,2026-01-21,02:10:00,4830,4832.495,4822.385,4827.915,0.268
1768961700000,2026-01-21,02:15:00,4827.955,4827.985,4824.035,4825.905,0.1533
1768962000000,2026-01-21,02:20:00,4825.965,4826.525,4817.005,4818.235,0.2146
1768962300000,2026-01-21,02:25:00,4818.305,4825.445,4818.075,4824.705,0.1507
1768962600000,2026-01-21,02:30:00,4824.675,4832.685,4822.065,4832.595,0.1966
1768962900000,2026-01-21,02:35:00,4832.575,4839.325,4831.835,4834.295,0.1843
1768963200000,2026-01-21,02:40:00,4834.325,4838.235,4830.145,4830.775,0.2053
1768963500000,2026-01-21,02:45:00,4830.785,4832.645,4827.635,4829.545,0.2055
1768963800000,2026-01-21,02:50:00,4829.515,4832.885,4827.395,4829.845,0.1774
1768964100000,2026-01-21,02:55:00,4829.855,4836.835,4829.275,4836.465,0.1731
1768964400000,2026-01-21,03:00:00,4836.455,4846.535,4836.115,4843.635,0.2032
1768964700000,2026-01-21,03:05:00,4843.655,4846.055,4841.425,4844.275,0.1676
1768965000000,2026-01-21,03:10:00,4844.295,4849.545,4832.825,4833.435,0.3187
1768965300000,2026-01-21,03:15:00,4832.898,4836.655,4826.905,4832.505,0.297
1768965600000,2026-01-21,03:20:00,4832.485,4835.125,4826.795,4828.745,0.231
1768965900000,2026-01-21,03:25:00,4828.775,4833.535,4827.645,4833.475,0.1899
1768966200000,2026-01-21,03:30:00,4833.505,4838.095,4831.535,4837.145,0.1308
1768966500000,2026-01-21,03:35:00,4837.185,4841.995,4837.045,4839.655,0.107
1768966800000,2026-01-21,03:40:00,4839.715,4846.095,4839.295,4842.625,0.1826
1768967100000,2026-01-21,03:45:00,4842.655,4843.005,4839.698,4840.598,0.1048
1768967400000,2026-01-21,03:50:00,4840.598,4844.025,4839.995,4843.285,0.1279
1768967700000,2026-01-21,03:55:00,4843.315,4846.855,4842.825,4844.735,0.1065
1768968000000,2026-01-21,04:00:00,4844.675,4846.245,4841.625,4842.015,0.1244
1768968300000,2026-01-21,04:05:00,4841.995,4842.685,4839.515,4840.455,0.1701
1768968600000,2026-01-21,04:10:00,4840.445,4844.805,4837.695,4844.615,0.204
1768968900000,2026-01-21,04:15:00,4844.665,4850.585,4843.705,4849.875,0.1461
1768969200000,2026-01-21,04:20:00,4849.805,4853.975,4847.648,4853.275,0.2544
1768969500000,2026-01-21,04:25:00,4853.385,4853.385,4849.325,4849.615,0.2375
1768969800000,2026-01-21,04:30:00,4849.595,4855.095,4849.585,4853.779,0.1364
1768970100000,2026-01-21,04:35:00,4853.869,4860.775,4853.335,4859.299,0.1356
1768970400000,2026-01-21,04:40:00,4859.299,4865.365,4859.045,4865.225,0.1465
1768970700000,2026-01-21,04:45:00,4865.325,4865.835,4862.345,4863.425,0.0934
1768971000000,2026-01-21,04:50:00,4863.315,4866.865,4862.065,4865.765,0.0989
1768971300000,2026-01-21,04:55:00,4865.735,4870.685,4863.895,4865.795,0.1692
1768971600000,2026-01-21,05:00:00,4865.695,4866.205,4859.255,4859.725,0.131
1768971900000,2026-01-21,05:05:00,4859.645,4863.085,4858.605,4863.065,0.1203
1768972200000,2026-01-21,05:10:00,4863.065,4866.865,4863.065,4866.785,0.1029
1768972500000,2026-01-21,05:15:00,4866.805,4873.545,4865.905,4873.365,0.1513
1768972800000,2026-01-21,05:20:00,4873.355,4873.945,4869.745,4870.555,0.0914
1768973100000,2026-01-21,05:25:00,4870.525,4871.115,4863.335,4868.605,0.1361
1768973400000,2026-01-21,05:30:00,4868.575,4877.615,4863.635,4875.965,0.2394
1768973700000,2026-01-21,05:35:00,4875.805,4878.065,4873.208,4873.909,0.1976
1768974000000,2026-01-21,05:40:00,4873.909,4873.909,4867.258,4870.825,0.3246
1768974300000,2026-01-21,05:45:00,4870.775,4876.285,4870.245,4873.298,0.1419
1768974600000,2026-01-21,05:50:00,4873.275,4876.945,4871.765,4872.305,0.1581
1768974900000,2026-01-21,05:55:00,4872.325,4874.215,4868.775,4869.745,0.1592
1768975200000,2026-01-21,06:00:00,4869.805,4875.195,4867.155,4869.365,0.1987
1768975500000,2026-01-21,06:05:00,4869.365,4869.848,4864.025,4869.548,0.1697
1768975800000,2026-01-21,06:10:00,4869.648,4871.915,4869.438,4871.315,0.137
1768976100000,2026-01-21,06:15:00,4871.285,4876.325,4871.125,4874.915,0.1669
1768976400000,2026-01-21,06:20:00,4874.895,4880.225,4869.848,4879.315,0.1855
1768976700000,2026-01-21,06:25:00,4879.315,4888.075,4879.285,4883.585,0.2342
1768977000000,2026-01-21,06:30:00,4883.565,4887.075,4879.935,4880.935,0.1841
1768977300000,2026-01-21,06:35:00,4881.005,4881.155,4867.515,4867.975,0.1971
1768977600000,2026-01-21,06:40:00,4867.945,4868.565,4858.748,4861.148,0.3159
1768977900000,2026-01-21,06:45:00,4861.148,4862.445,4853.548,4862.315,0.2687
1768978200000,2026-01-21,06:50:00,4862.215,4865.805,4860.255,4860.915,0.1872
1768978500000,2026-01-21,06:55:00,4860.915,4861.625,4845.455,4847.275,0.288
1768978800000,2026-01-21,07:00:00,4847.255,4848.885,4835.505,4840.969,0.2791
1768979100000,2026-01-21,07:05:00,4840.969,4844.181,4835.005,4839.455,0.245
1768979400000,2026-01-21,07:10:00,4839.435,4841.795,4834.465,4836.798,0.2672
1768979700000,2026-01-21,07:15:00,4837.015,4840.685,4832.998,4837.705,0.2302
1768980000000,2026-01-21,07:20:00,4837.645,4842.165,4832.375,4841.685,0.2084
1768980300000,2026-01-21,07:25:00,4841.715,4850.525,4839.055,4848.855,0.2484
1768980600000,2026-01-21,07:30:00,4849.315,4851.435,4845.295,4847.295,0.1937
1768980900000,2026-01-21,07:35:00,4847.295,4847.645,4838.445,4843.335,0.2338
1768981200000,2026-01-21,07:40:00,4843.305,4850.885,4843.145,4848.975,0.1185
1768981500000,2026-01-21,07:45:00,4849.025,4850.945,4847.495,4850.665,0.1023
1768981800000,2026-01-21,07:50:00,4850.745,4856.765,4848.945,4855.705,0.1414
1768982100000,2026-01-21,07:55:00,4855.779,4856.875,4853.755,4855.055,0.098
1768982400000,2026-01-21,08:00:00,4855.075,4859.785,4853.455,4859.665,0.1269
1768982700000,2026-01-21,08:05:00,4859.605,4863.835,4859.015,4859.605,0.1403
1768983000000,2026-01-21,08:10:00,4859.605,4859.785,4855.789,4858.315,0.1334
1768983300000,2026-01-21,08:15:00,4858.345,4866.245,4858.245,4865.135,0.1165
1768983600000,2026-01-21,08:20:00,4865.155,4867.075,4863.775,4865.085,0.0964
1768983900000,2026-01-21,08:25:00,4865.055,4869.375,4864.185,4866.615,0.1098
1768984200000,2026-01-21,08:30:00,4866.575,4867.885,4859.498,4862.495,0.1711
1768984500000,2026-01-21,08:35:00,4862.515,4865.045,4860.948,4864.795,0.1072
1768984800000,2026-01-21,08:40:00,4864.785,4864.965,4858.748,4861.145,0.1535
1768985100000,2026-01-21,08:45:00,4861.115,4862.835,4856.925,4857.105,0.1534
1768985400000,2026-01-21,08:50:00,4857.145,4858.465,4854.785,4856.835,0.1126
1768985700000,2026-01-21,08:55:00,4856.815,4857.465,4851.325,4854.435,0.1215
1768986000000,2026-01-21,09:00:00,4854.455,4858.915,4852.115,4858.125,0.1278
1768986300000,2026-01-21,09:05:00,4858.125,4861.275,4857.615,4859.295,0.1094
1768986600000,2026-01-21,09:10:00,4859.275,4862.215,4858.685,4859.675,0.068
1768986900000,2026-01-21,09:15:00,4859.725,4861.075,4857.845,4859.885,0.099
1768987200000,2026-01-21,09:20:00,4859.805,4868.825,4858.385,4868.495,0.1709
1768987500000,2026-01-21,09:25:00,4868.525,4876.485,4865.965,4875.525,0.1685
1768987800000,2026-01-21,09:30:00,4875.485,4876.965,4868.705,4869.025,0.131
1768988100000,2026-01-21,09:35:00,4869.065,4870.345,4865.005,4866.925,0.2452
1768988400000,2026-01-21,09:40:00,4866.875,4867.115,4863.915,4866.065,0.1153
1768988700000,2026-01-21,09:45:00,4866.085,4867.365,4862.085,4863.395,0.1253
1768989000000,2026-01-21,09:50:00,4863.425,4865.425,4860.095,4861.765,0.1231
1768989300000,2026-01-21,09:55:00,4861.735,4861.975,4858.985,4860.175,0.1165
1768989600000,2026-01-21,10:00:00,4860.135,4866.555,4860.015,4866.145,0.1063
1768989900000,2026-01-21,10:05:00,4866.165,4866.405,4863.275,4863.825,0.0874
1768990200000,2026-01-21,10:10:00,4863.795,4864.405,4859.235,4863.255,0.0991
1768990500000,2026-01-21,10:15:00,4863.225,4864.095,4859.645,4861.325,0.1038
1768990800000,2026-01-21,10:20:00,4861.355,4864.255,4860.845,4862.275,0.0866
1768991100000,2026-01-21,10:25:00,4862.305,4864.235,4859.905,4860.215,0.0935
1768991400000,2026-01-21,10:30:00,4860.175,4862.605,4859.825,4860.665,0.0993
1768991700000,2026-01-21,10:35:00,4860.625,4864.385,4860.235,4862.785,0.1258
1768992000000,2026-01-21,10:40:00,4862.785,4865.575,4862.745,4864.755,0.0689
1768992300000,2026-01-21,10:45:00,4864.775,4866.015,4863.658,4864.465,0.1221
1768992600000,2026-01-21,10:50:00,4864.495,4866.498,4862.898,4863.098,0.1055
1768992900000,2026-01-21,10:55:00,4863.135,4866.105,4861.898,4861.898,0.0896
1768993200000,2026-01-21,11:00:00,4861.898,4862.785,4860.645,4861.475,0.068
1768993500000,2026-01-21,11:05:00,4861.505,4863.985,4860.845,4863.885,0.0652
1768993800000,2026-01-21,11:10:00,4863.925,4865.298,4863.298,4864.998,0.1198
1768994100000,2026-01-21,11:15:00,4864.998,4869.615,4864.798,4869.615,0.1334
1768994400000,2026-01-21,11:20:00,4869.438,4871.248,4868.628,4870.155,0.1064
1768994700000,2026-01-21,11:25:00,4870.185,4871.305,4866.968,4866.968,0.071
1768995000000,2026-01-21,11:30:00,4866.705,4867.155,4862.765,4862.855,0.1188
1768995300000,2026-01-21,11:35:00,4862.875,4865.805,4861.615,4864.245,0.0902
1768995600000,2026-01-21,11:40:00,4864.195,4864.655,4860.315,4861.995,0.0985
1768995900000,2026-01-21,11:45:00,4861.975,4862.565,4854.975,4860.595,0.1508
1768996200000,2026-01-21,11:50:00,4860.615,4863.175,4859.685,4862.425,0.1106
1768996500000,2026-01-21,11:55:00,4862.455,4866.705,4862.285,4866.705,0.0867
1768996800000,2026-01-21,12:00:00,4866.735,4867.325,4862.845,4866.145,0.1133
1768997100000,2026-01-21,12:05:00,4866.165,4866.495,4862.665,4863.395,0.1017
1768997400000,2026-01-21,12:10:00,4863.285,4863.765,4861.055,4862.065,0.0981
1768997700000,2026-01-21,12:15:00,4862.005,4862.205,4855.415,4856.085,0.1427
1768998000000,2026-01-21,12:20:00,4856.285,4861.885,4856.105,4861.425,0.1129
1768998300000,2026-01-21,12:25:00,4861.395,4864.685,4858.655,4864.675,0.0881
1768998600000,2026-01-21,12:30:00,4864.695,4866.885,4863.485,4866.335,0.1028
1768998900000,2026-01-21,12:35:00,4866.305,4870.715,4865.825,4866.255,0.1171
1768999200000,2026-01-21,12:40:00,4866.275,4866.605,4864.075,4865.475,0.0826
1768999500000,2026-01-21,12:45:00,4865.515,4865.665,4856.635,4858.665,0.1307
1768999800000,2026-01-21,12:50:00,4858.695,4862.195,4858.645,4861.895,0.0947
1769000100000,2026-01-21,12:55:00,4861.915,4867.095,4861.875,4864.975,0.1229
1769000400000,2026-01-21,13:00:00,4865.313,4865.385,4858.255,4861.045,0.2428
1769000700000,2026-01-21,13:05:00,4861.155,4869.705,4860.305,4868.635,0.1778
1769001000000,2026-01-21,13:10:00,4868.665,4871.305,4866.635,4869.055,0.1618
1769001300000,2026-01-21,13:15:00,4869.085,4871.375,4866.598,4866.795,0.1704
1769001600000,2026-01-21,13:20:00,4866.965,4868.495,4861.608,4863.335,0.2259
1769001900000,2026-01-21,13:25:00,4863.765,4868.235,4862.555,4867.815,0.1654
1769002200000,2026-01-21,13:30:00,4867.845,4871.798,4866.768,4871.255,0.1637
1769002500000,2026-01-21,13:35:00,4871.275,4878.475,4870.855,4878.235,0.1681
1769002800000,2026-01-21,13:40:00,4878.265,4878.925,4875.735,4877.135,0.1657
1769003100000,2026-01-21,13:45:00,4877.165,4877.655,4872.395,4873.445,0.1932
1769003400000,2026-01-21,13:50:00,4873.635,4878.295,4869.848,4877.065,0.1642
1769003700000,2026-01-21,13:55:00,4877.095,4880.135,4874.908,4879.215,0.1806
1769004000000,2026-01-21,14:00:00,4879.195,4880.635,4851.555,4852.375,0.2704
1769004300000,2026-01-21,14:05:00,4852.375,4865.375,4840.938,4864.375,0.3924
1769004600000,2026-01-21,14:10:00,4864.365,4869.085,4839.115,4844.085,0.421
1769004900000,2026-01-21,14:15:00,4844.065,4854.305,4841.568,4845.828,0.3189
1769005200000,2026-01-21,14:20:00,4845.858,4857.215,4845.838,4853.045,0.2938
1769005500000,2026-01-21,14:25:00,4853.065,4864.355,4850.535,4860.275,0.3011
1769005800000,2026-01-21,14:30:00,4860.085,4868.575,4849.795,4857.435,0.3787
1769006100000,2026-01-21,14:35:00,4857.405,4871.885,4851.325,4870.305,0.3816
1769006400000,2026-01-21,14:40:00,4870.455,4872.245,4859.445,4860.545,0.3436
1769006700000,2026-01-21,14:45:00,4860.555,4861.785,4850.955,4853.395,0.3407
1769007000000,2026-01-21,14:50:00,4853.335,4857.065,4846.485,4855.525,0.3796
1769007300000,2026-01-21,14:55:00,4855.445,4858.865,4850.225,4851.595,0.3272
1769007600000,2026-01-21,15:00:00,4851.515,4865.155,4846.785,4861.645,0.3785
1769007900000,2026-01-21,15:05:00,4861.625,4868.575,4860.465,4864.185,0.3192
1769008200000,2026-01-21,15:10:00,4864.165,4865.755,4854.195,4860.085,0.2918
1769008500000,2026-01-21,15:15:00,4860.055,4861.625,4828.298,4831.035,0.3579
1769008800000,2026-01-21,15:20:00,4831.075,4832.555,4812.415,4817.015,0.4719
1769009100000,2026-01-21,15:25:00,4817.205,4831.498,4813.925,4830.798,0.4843
1769009400000,2026-01-21,15:30:00,4830.798,4839.815,4828.765,4839.275,0.392
1769009700000,2026-01-21,15:35:00,4839.235,4845.275,4834.995,4838.818,0.3563
1769010000000,2026-01-21,15:40:00,4838.818,4842.625,4832.495,4837.185,0.3184
1769010300000,2026-01-21,15:45:00,4837.145,4844.365,4833.815,4843.635,0.2973
1769010600000,2026-01-21,15:50:00,4843.465,4852.335,4838.005,4850.925,0.2662
1769010900000,2026-01-21,15:55:00,4850.965,4854.365,4846.758,4847.505,0.2684
1769011200000,2026-01-21,16:00:00,4847.535,4851.285,4843.755,4847.005,0.2657
1769011500000,2026-01-21,16:05:00,4846.905,4855.435,4846.535,4850.675,0.2426
1769011800000,2026-01-21,16:10:00,4850.675,4853.745,4843.545,4846.875,0.2718
1769012100000,2026-01-21,16:15:00,4846.865,4852.585,4833.725,4835.225,0.2805
1769012400000,2026-01-21,16:20:00,4835.028,4838.835,4831.505,4832.385,0.3072
1769012700000,2026-01-21,16:25:00,4832.395,4840.695,4828.915,4839.725,0.2607
1769013000000,2026-01-21,16:30:00,4839.795,4846.295,4838.635,4846.265,0.2597
1769013300000,2026-01-21,16:35:00,4846.225,4847.265,4841.275,4846.505,0.2354
1769013600000,2026-01-21,16:40:00,4846.515,4849.595,4833.448,4834.565,0.282
1769013900000,2026-01-21,16:45:00,4834.545,4837.425,4830.025,4833.585,0.2626
1769014200000,2026-01-21,16:50:00,4833.625,4834.335,4819.615,4829.555,0.2813
1769014500000,2026-01-21,16:55:00,4829.385,4836.665,4828.745,4833.265,0.2359
1769014800000,2026-01-21,17:00:00,4833.295,4834.135,4817.715,4824.345,0.2816
1769015100000,2026-01-21,17:05:00,4824.325,4829.835,4823.265,4827.275,0.2346
1769015400000,2026-01-21,17:10:00,4826.945,4827.825,4815.315,4818.225,0.2575
1769015700000,2026-01-21,17:15:00,4817.809,4823.515,4814.278,4822.195,0.2931
1769016000000,2026-01-21,17:20:00,4822.225,4826.215,4821.305,4824.795,0.2319
1769016300000,2026-01-21,17:25:00,4824.445,4825.695,4815.425,4821.075,0.2483
1769016600000,2026-01-21,17:30:00,4821.095,4821.535,4802.325,4807.105,0.3354
1769016900000,2026-01-21,17:35:00,4806.985,4816.795,4806.505,4815.435,0.2549
1769017200000,2026-01-21,17:40:00,4815.455,4818.845,4806.645,4809.685,0.2915
1769017500000,2026-01-21,17:45:00,4809.645,4816.335,4808.415,4814.145,0.2414
1769017800000,2026-01-21,17:50:00,4814.035,4823.005,4813.475,4820.705,0.2512
1769018100000,2026-01-21,17:55:00,4820.675,4827.515,4818.875,4826.125,0.2219
1769018400000,2026-01-21,18:00:00,4826.155,4828.305,4822.475,4825.095,0.2821
1769018700000,2026-01-21,18:05:00,4825.055,4830.345,4823.108,4826.285,0.6092
1769019000000,2026-01-21,18:10:00,4826.175,4831.545,4825.235,4825.235,0.2475
1769019300000,2026-01-21,18:15:00,4825.255,4826.635,4820.735,4821.125,0.2593
1769019600000,2026-01-21,18:20:00,4821.095,4831.125,4819.515,4829.105,0.2787
1769019900000,2026-01-21,18:25:00,4829.055,4836.905,4828.295,4833.925,0.2566
1769020200000,2026-01-21,18:30:00,4833.985,4838.515,4833.625,4835.075,0.2215
1769020500000,2026-01-21,18:35:00,4835.025,4835.425,4830.665,4832.895,0.1929
1769020800000,2026-01-21,18:40:00,4832.945,4837.925,4830.105,4837.645,0.2002
1769021100000,2026-01-21,18:45:00,4837.505,4842.855,4835.885,4842.855,0.1753
1769021400000,2026-01-21,18:50:00,4842.925,4843.885,4840.548,4842.055,0.1586
1769021700000,2026-01-21,18:55:00,4841.945,4850.445,4841.355,4850.095,0.2005
1769022000000,2026-01-21,19:00:00,4850.125,4850.685,4844.548,4844.835,0.2417
1769022300000,2026-01-21,19:05:00,4844.895,4849.295,4842.885,4848.875,0.1865
1769022600000,2026-01-21,19:10:00,4848.825,4850.725,4847.765,4848.735,0.1611
1769022900000,2026-01-21,19:15:00,4848.705,4849.925,4846.205,4848.785,0.1931
1769023200000,2026-01-21,19:20:00,4848.775,4853.355,4847.598,4852.635,0.1903
1769023500000,2026-01-21,19:25:00,4852.605,4853.875,4805.005,4815.655,0.3121
1769023800000,2026-01-21,19:30:00,4815.645,4821.225,4800.305,4805.315,0.4202
1769024100000,2026-01-21,19:35:00,4805.375,4805.945,4772.595,4773.285,0.6425
1769024400000,2026-01-21,19:40:00,4773.255,4780.345,4765.598,4765.598,0.6305
1769024700000,2026-01-21,19:45:00,4765.685,4778.325,4762.105,4776.035,0.4577
1769025000000,2026-01-21,19:50:00,4776.135,4777.895,4755.345,4769.138,0.4635
1769025300000,2026-01-21,19:55:00,4769.185,4782.775,4765.918,4780.995,0.3931
1769025600000,2026-01-21,20:00:00,4780.858,4786.865,4774.655,4775.005,0.4179
1769025900000,2026-01-21,20:05:00,4775.045,4784.035,4771.915,4778.495,0.3582
1769026200000,2026-01-21,20:10:00,4778.575,4787.415,4775.245,4787.055,0.3193
1769026500000,2026-01-21,20:15:00,4787.255,4796.415,4784.405,4794.075,0.355
1769026800000,2026-01-21,20:20:00,4794.055,4800.735,4787.765,4794.305,0.3762
1769027100000,2026-01-21,20:25:00,4794.135,4799.555,4791.925,4797.155,0.2922
1769027400000,2026-01-21,20:30:00,4797.195,4813.575,4796.225,4803.798,0.4248
1769027700000,2026-01-21,20:35:00,4804.045,4809.805,4802.665,4805.175,0.2938
1769028000000,2026-01-21,20:40:00,4805.225,4821.255,4803.455,4819.865,0.2959
1769028300000,2026-01-21,20:45:00,4819.925,4821.215,4816.025,4818.565,0.3195
1769028600000,2026-01-21,20:50:00,4818.455,4827.675,4817.985,4823.765,0.3439
1769028900000,2026-01-21,20:55:00,4823.745,4827.605,4822.845,4826.345,0.382
1769029200000,2026-01-21,21:00:00,4826.315,4826.315,4816.868,4818.515,0.1567
1769029500000,2026-01-21,21:05:00,4818.478,4819.595,4813.005,4818.265,0.1365
1769029800000,2026-01-21,21:10:00,4818.245,4824.325,4818.225,4823.735,0.1221
1769030100000,2026-01-21,21:15:00,4823.775,4831.755,4823.445,4831.625,0.1112
1769030400000,2026-01-21,21:20:00,4831.645,4838.225,4831.555,4836.145,0.1614
1769030700000,2026-01-21,21:25:00,4836.165,4837.005,4831.795,4832.255,0.1271
1769031000000,2026-01-21,21:30:00,4832.285,4836.735,4831.835,4834.665,0.1261
1769031300000,2026-01-21,21:35:00,4834.655,4839.205,4834.655,4835.275,0.089
1769031600000,2026-01-21,21:40:00,4835.325,4837.245,4833.885,4834.855,0.0901
1769031900000,2026-01-21,21:45:00,4834.875,4839.535,4834.875,4836.355,0.1076
1769032200000,2026-01-21,21:50:00,4836.585,4836.585,4828.165,4829.185,0.1106
1769032500000,2026-01-21,21:55:00,4829.215,4832.598,4827.775,4831.685,0.1176
1769036400000,2026-01-21,23:00:00,4832.695,4833.415,4815.298,4815.298,0.1352
1769036700000,2026-01-21,23:05:00,4815.398,4821.175,4800.708,4802.548,0.1284
1769037000000,2026-01-21,23:10:00,4802.948,4814.735,4802.948,4814.705,0.0955
1769037300000,2026-01-21,23:15:00,4814.745,4814.975,4802.685,4802.875,0.0915
1769037600000,2026-01-21,23:20:00,4802.885,4806.855,4795.235,4795.285,0.1091
1769037900000,2026-01-21,23:25:00,4795.295,4795.315,4784.808,4794.765,0.1668
1769038200000,2026-01-21,23:30:00,4794.755,4801.495,4793.375,4793.685,0.1058
1769038500000,2026-01-21,23:35:00,4793.645,4798.645,4791.835,4793.845,0.08
1769038800000,2026-01-21,23:40:00,4793.815,4797.605,4785.445,4786.648,0.1276
1769039100000,2026-01-21,23:45:00,4786.648,4791.825,4784.808,4790.915,0.117
1769039400000,2026-01-21,23:50:00,4790.905,4797.375,4787.845,4791.905,0.0918
1769039700000,2026-01-21,23:55:00,4791.895,4793.005,4777.265,4777.915,0.1195
1769040000000,2026-01-22,00:00:00,4777.875,4786.465,4777.795,4779.085,0.1553
1769040300000,2026-01-22,00:05:00,4779.105,4790.548,4779.105,4790.285,0.0905
1769040600000,2026-01-22,00:10:00,4790.255,4793.795,4788.425,4789.845,0.0847
1769040900000,2026-01-22,00:15:00,4789.865,4789.865,4783.925,4787.635,0.0853
1769041200000,2026-01-22,00:20:00,4787.645,4788.855,4780.415,4784.155,0.0889
1769041500000,2026-01-22,00:25:00,4784.285,4787.125,4779.995,4782.365,0.0749
1769041800000,2026-01-22,00:30:00,4782.285,4788.265,4779.995,4788.225,0.1163
1769042100000,2026-01-22,00:35:00,4788.175,4788.505,4783.865,4784.945,0.1093
1769042400000,2026-01-22,00:40:00,4785.295,4795.455,4784.045,4792.895,0.1081
1769042700000,2026-01-22,00:45:00,4792.925,4793.855,4787.265,4787.785,0.132
1769043000000,2026-01-22,00:50:00,4787.795,4794.595,4787.795,4794.565,0.1236
1769043300000,2026-01-22,00:55:00,4794.585,4798.665,4794.535,4797.975,0.1132
1769043600000,2026-01-22,01:00:00,4797.955,4797.955,4772.185,4776.615,0.3987
1769043900000,2026-01-22,01:05:00,4776.625,4786.598,4774.375,4785.535,0.2925
1769044200000,2026-01-22,01:10:00,4785.885,4791.315,4781.045,4791.185,0.2401
1769044500000,2026-01-22,01:15:00,4791.285,4800.115,4788.075,4800.115,0.2455
1769044800000,2026-01-22,01:20:00,4800.155,4809.405,4799.445,4807.515,0.2809
1769045100000,2026-01-22,01:25:00,4807.535,4808.135,4791.855,4795.725,0.2884
1769045400000,2026-01-22,01:30:00,4795.685,4797.445,4793.235,4794.235,0.1965
1769045700000,2026-01-22,01:35:00,4794.245,4802.895,4793.695,4799.465,0.1927
1769046000000,2026-01-22,01:40:00,4799.435,4804.445,4798.615,4803.015,0.2188
1769046300000,2026-01-22,01:45:00,4803.045,4803.395,4798.665,4799.695,0.2043
1769046600000,2026-01-22,01:50:00,4799.655,4804.695,4798.995,4804.365,0.2215
1769046900000,2026-01-22,01:55:00,4804.325,4804.575,4797.665,4797.835,0.1708
1769047200000,2026-01-22,02:00:00,4797.635,4798.165,4789.015,4790.545,0.2851
1769047500000,2026-01-22,02:05:00,4790.565,4792.995,4787.145,4789.855,0.206
1769047800000,2026-01-22,02:10:00,4789.995,4795.635,4788.215,4793.345,0.1836
1769048100000,2026-01-22,02:15:00,4793.425,4794.865,4790.648,4790.855,0.1315
1769048400000,2026-01-22,02:20:00,4790.948,4795.705,4787.785,4788.235,0.1626
1769048700000,2026-01-22,02:25:00,4788.245,4790.805,4786.465,4787.345,0.1514
1769049000000,2026-01-22,02:30:00,4787.375,4787.995,4778.705,4784.065,0.2377
1769049300000,2026-01-22,02:35:00,4784.125,4785.465,4774.535,4777.845,0.2938
1769049600000,2026-01-22,02:40:00,4777.775,4782.565,4777.565,4781.585,0.1703
1769049900000,2026-01-22,02:45:00,4781.695,4786.995,4781.675,4784.698,0.1833
1769050200000,2026-01-22,02:50:00,4784.705,4790.315,4783.698,4788.775,0.1627
1769050500000,2026-01-22,02:55:00,4788.795,4792.465,4785.025,4788.845,0.1642
1769050800000,2026-01-22,03:00:00,4788.845,4790.965,4784.838,4785.025,0.1849
1769051100000,2026-01-22,03:05:00,4785.075,4791.048,4784.055,4787.895,0.1806
1769051400000,2026-01-22,03:10:00,4787.915,4789.598,4784.965,4789.498,0.1759
1769051700000,2026-01-22,03:15:00,4789.498,4790.325,4786.175,4786.505,0.1634
1769052000000,2026-01-22,03:20:00,4786.475,4791.765,4785.535,4790.775,0.1516
1769052300000,2026-01-22,03:25:00,4790.745,4795.675,4790.745,4792.275,0.1881
1769052600000,2026-01-22,03:30:00,4792.325,4794.155,4790.655,4792.485,0.1714
1769052900000,2026-01-22,03:35:00,4792.435,4793.285,4791.185,4792.675,0.1489
1769053200000,2026-01-22,03:40:00,4792.605,4793.055,4790.005,4790.085,0.1454
1769053500000,2026-01-22,03:45:00,4790.045,4794.985,4789.825,4794.735,0.1292
1769053800000,2026-01-22,03:50:00,4794.695,4796.565,4793.465,4794.395,0.0969
1769054100000,2026-01-22,03:55:00,4794.485,4796.525,4793.645,4796.365,0.0776
1769054400000,2026-01-22,04:00:00,4796.395,4796.925,4795.048,4796.325,0.1248
1769054700000,2026-01-22,04:05:00,4796.275,4799.845,4796.125,4798.775,0.1154
1769055000000,2026-01-22,04:10:00,4798.795,4800.245,4796.305,4797.975,0.0974
1769055300000,2026-01-22,04:15:00,4797.955,4799.445,4797.365,4798.885,0.1178
1769055600000,2026-01-22,04:20:00,4798.855,4799.625,4796.325,4796.615,0.1691
1769055900000,2026-01-22,04:25:00,4796.615,4797.605,4794.325,4795.785,0.1701
1769056200000,2026-01-22,04:30:00,4795.755,4797.455,4793.615,4794.215,0.1261
1769056500000,2026-01-22,04:35:00,4794.235,4798.205,4793.725,4795.585,0.1143
1769056800000,2026-01-22,04:40:00,4795.645,4796.785,4794.875,4795.255,0.0847
1769057100000,2026-01-22,04:45:00,4795.225,4796.945,4793.705,4796.325,0.071
1769057400000,2026-01-22,04:50:00,4796.395,4797.735,4795.175,4795.965,0.0738
1769057700000,2026-01-22,04:55:00,4795.895,4797.925,4795.515,4797.305,0.0815
1769058000000,2026-01-22,05:00:00,4797.275,4800.485,4793.505,4800.185,0.0941
1769058300000,2026-01-22,05:05:00,4800.155,4801.315,4796.875,4797.605,0.0955
1769058600000,2026-01-22,05:10:00,4797.555,4800.435,4796.295,4800.345,0.0929
1769058900000,2026-01-22,05:15:00,4800.315,4800.335,4796.175,4797.665,0.106
1769059200000,2026-01-22,05:20:00,4797.695,4797.795,4795.215,4795.845,0.089
1769059500000,2026-01-22,05:25:00,4795.875,4796.775,4794.925,4795.185,0.1073
1769059800000,2026-01-22,05:30:00,4795.145,4799.765,4794.935,4796.725,0.1322
1769060100000,2026-01-22,05:35:00,4796.685,4799.385,4795.255,4798.605,0.1318
1769060400000,2026-01-22,05:40:00,4798.655,4802.555,4798.635,4800.675,0.1632
1769060700000,2026-01-22,05:45:00,4800.635,4807.535,4800.635,4807.505,0.1434
1769061000000,2026-01-22,05:50:00,4807.535,4819.235,4807.535,4817.795,0.1897
1769061300000,2026-01-22,05:55:00,4817.765,4821.265,4815.255,4821.115,0.1605
1769061600000,2026-01-22,06:00:00,4821.145,4824.735,4819.715,4822.705,0.1721
1769061900000,2026-01-22,06:05:00,4822.265,4824.005,4820.155,4820.155,0.169
1769062200000,2026-01-22,06:10:00,4820.195,4821.735,4816.205,4817.965,0.1589
1769062500000,2026-01-22,06:15:00,4817.925,4822.865,4816.745,4822.705,0.1486
1769062800000,2026-01-22,06:20:00,4822.735,4827.585,4821.595,4827.445,0.1636
1769063100000,2026-01-22,06:25:00,4827.405,4829.195,4825.195,4825.405,0.1445
1769063400000,2026-01-22,06:30:00,4825.325,4827.835,4823.725,4824.405,0.1288
1769063700000,2026-01-22,06:35:00,4824.375,4827.915,4824.375,4827.445,0.117
1769064000000,2026-01-22,06:40:00,4827.405,4827.815,4823.425,4823.665,0.1168
1769064300000,2026-01-22,06:45:00,4823.605,4825.415,4823.535,4825.005,0.0827
1769064600000,2026-01-22,06:50:00,4824.965,4824.965,4821.285,4821.445,0.1402
1769064900000,2026-01-22,06:55:00,4821.475,4826.605,4821.295,4826.405,0.101
1769065200000,2026-01-22,07:00:00,4826.605,4831.235,4825.575,4830.835,0.113
1769065500000,2026-01-22,07:05:00,4830.815,4834.815,4830.515,4834.335,0.1196
1769065800000,2026-01-22,07:10:00,4834.315,4834.395,4831.215,4833.245,0.0893
1769066100000,2026-01-22,07:15:00,4833.235,4837.415,4832.585,4836.625,0.1079
1769066400000,2026-01-22,07:20:00,4836.565,4836.825,4830.035,4831.415,0.0993
1769066700000,2026-01-22,07:25:00,4831.365,4837.965,4830.345,4836.915,0.1043
1769067000000,2026-01-22,07:30:00,4836.905,4837.925,4834.705,4836.485,0.0874
1769067300000,2026-01-22,07:35:00,4836.525,4837.175,4834.015,4836.315,0.0813
1769067600000,2026-01-22,07:40:00,4836.285,4839.353,4832.605,4833.285,0.0787
1769067900000,2026-01-22,07:45:00,4833.315,4833.975,4830.685,4833.065,0.0855
1769068200000,2026-01-22,07:50:00,4833.105,4834.015,4832.245,4832.965,0.0701
1769068500000,2026-01-22,07:55:00,4832.885,4835.745,4830.545,4832.485,0.0801
1769068800000,2026-01-22,08:00:00,4832.465,4835.325,4830.925,4832.565,0.1308
1769069100000,2026-01-22,08:05:00,4832.595,4835.175,4828.305,4828.565,0.1143
1769069400000,2026-01-22,08:10:00,4828.555,4829.765,4824.155,4827.595,0.1362
1769069700000,2026-01-22,08:15:00,4827.645,4828.945,4825.515,4826.245,0.0912
1769070000000,2026-01-22,08:20:00,4826.215,4829.565,4825.815,4828.535,0.0767
1769070300000,2026-01-22,08:25:00,4828.215,4830.345,4826.165,4826.198,0.1036
1769070600000,2026-01-22,08:30:00,4826.198,4827.635,4822.285,4824.765,0.1069
1769070900000,2026-01-22,08:35:00,4824.945,4826.585,4821.975,4826.315,0.0946
1769071200000,2026-01-22,08:40:00,4826.395,4828.435,4824.475,4826.335,0.0935
1769071500000,2026-01-22,08:45:00,4826.305,4827.815,4825.665,4826.845,0.1179
1769071800000,2026-01-22,08:50:00,4826.875,4830.055,4826.085,4829.895,0.1119
1769072100000,2026-01-22,08:55:00,4829.965,4831.675,4829.458,4830.435,0.1281
1769072400000,2026-01-22,09:00:00,4830.495,4835.195,4829.415,4832.645,0.125
1769072700000,2026-01-22,09:05:00,4832.595,4834.625,4831.245,4832.675,0.0935
1769073000000,2026-01-22,09:10:00,4832.695,4837.925,4832.475,4832.655,0.1067
1769073300000,2026-01-22,09:15:00,4832.625,4833.515,4831.878,4831.885,0.0815
1769073600000,2026-01-22,09:20:00,4831.878,4832.085,4828.778,4828.975,0.1337
1769073900000,2026-01-22,09:25:00,4828.935,4830.385,4827.985,4829.365,0.1093
1769074200000,2026-01-22,09:30:00,4829.425,4830.965,4816.165,4824.195,0.1663
1769074500000,2026-01-22,09:35:00,4824.225,4825.885,4819.735,4820.425,0.1051
1769074800000,2026-01-22,09:40:00,4820.395,4822.165,4813.605,4816.085,0.1342
1769075100000,2026-01-22,09:45:00,4815.188,4819.845,4814.335,4819.165,0.1071
1769075400000,2026-01-22,09:50:00,4819.135,4821.305,4819.055,4820.815,0.0558
1769075700000,2026-01-22,09:55:00,4820.835,4823.055,4819.795,4822.945,0.0678
1769076000000,2026-01-22,10:00:00,4822.965,4824.945,4821.225,4821.265,0.0868
1769076300000,2026-01-22,10:05:00,4821.305,4822.475,4819.305,4822.045,0.1062
1769076600000,2026-01-22,10:10:00,4822.095,4824.905,4820.475,4823.465,0.0848
1769076900000,2026-01-22,10:15:00,4823.505,4827.235,4823.175,4824.525,0.0962
1769077200000,2026-01-22,10:20:00,4824.545,4825.895,4821.165,4822.625,0.0941
1769077500000,2026-01-22,10:25:00,4822.595,4827.465,4822.595,4826.675,0.0707
1769077800000,2026-01-22,10:30:00,4826.498,4827.375,4823.835,4827.375,0.0814
1769078100000,2026-01-22,10:35:00,4827.345,4829.105,4827.105,4828.095,0.0626
1769078400000,2026-01-22,10:40:00,4828.125,4828.775,4826.465,4828.145,0.0604
1769078700000,2026-01-22,10:45:00,4828.195,4829.695,4827.035,4829.405,0.0539
1769079000000,2026-01-22,10:50:00,4829.385,4831.645,4829.335,4829.655,0.0787
1769079300000,2026-01-22,10:55:00,4829.675,4829.915,4827.678,4828.795,0.0589
1769079600000,2026-01-22,11:00:00,4828.835,4830.925,4827.965,4830.855,0.0577
1769079900000,2026-01-22,11:05:00,4830.825,4831.675,4828.745,4829.535,0.053
1769080200000,2026-01-22,11:10:00,4829.645,4829.915,4826.178,4826.178,0.0636
1769080500000,2026-01-22,11:15:00,4826.068,4828.695,4824.445,4826.285,0.0982
1769080800000,2026-01-22,11:20:00,4826.135,4829.415,4826.135,4827.805,0.0779
1769081100000,2026-01-22,11:25:00,4827.765,4828.715,4827.075,4827.595,0.0765
1769081400000,2026-01-22,11:30:00,4827.545,4829.875,4826.978,4827.795,0.0811
1769081700000,2026-01-22,11:35:00,4827.765,4829.245,4824.885,4829.055,0.1189
1769082000000,2026-01-22,11:40:00,4828.955,4831.365,4828.465,4830.625,0.088
1769082300000,2026-01-22,11:45:00,4830.665,4834.675,4830.195,4832.995,0.0977
1769082600000,2026-01-22,11:50:00,4833.315,4835.605,4833.075,4835.185,0.1068
1769082900000,2026-01-22,11:55:00,4835.285,4836.145,4830.995,4831.015,0.0998
1769083200000,2026-01-22,12:00:00,4830.985,4830.985,4823.135,4824.598,0.1731
1769083500000,2026-01-22,12:05:00,4824.598,4826.795,4823.498,4823.698,0.172
1769083800000,2026-01-22,12:10:00,4823.698,4827.398,4823.515,4824.495,0.1986
1769084100000,2026-01-22,12:15:00,4824.555,4827.175,4824.155,4827.085,0.1011
1769084400000,2026-01-22,12:20:00,4827.105,4830.635,4826.975,4830.635,0.0889
1769084700000,2026-01-22,12:25:00,4830.665,4832.365,4829.825,4831.485,0.0692
1769085000000,2026-01-22,12:30:00,4831.445,4832.315,4830.195,4830.725,0.0745
1769085300000,2026-01-22,12:35:00,4830.685,4831.715,4830.065,4830.505,0.0663
1769085600000,2026-01-22,12:40:00,4830.485,4831.535,4829.498,4829.545,0.0825
1769085900000,2026-01-22,12:45:00,4829.595,4829.595,4827.035,4827.915,0.0826
1769086200000,2026-01-22,12:50:00,4827.625,4828.665,4825.468,4825.815,0.1101
1769086500000,2026-01-22,12:55:00,4825.825,4825.985,4818.615,4819.405,0.1611
1769086800000,2026-01-22,13:00:00,4819.365,4822.635,4815.795,4821.735,0.2699
1769087100000,2026-01-22,13:05:00,4821.755,4824.325,4819.975,4820.735,0.1649
1769087400000,2026-01-22,13:10:00,4820.375,4827.445,4820.375,4826.675,0.1427
1769087700000,2026-01-22,13:15:00,4826.995,4831.845,4825.925,4831.285,0.1191
1769088000000,2026-01-22,13:20:00,4831.185,4834.285,4826.895,4833.995,0.2181
1769088300000,2026-01-22,13:25:00,4833.985,4835.235,4826.988,4826.988,0.1543
1769088600000,2026-01-22,13:30:00,4826.988,4826.988,4817.335,4822.315,0.2118
1769088900000,2026-01-22,13:35:00,4822.335,4825.085,4819.085,4821.605,0.1636
1769089200000,2026-01-22,13:40:00,4821.595,4821.885,4810.715,4813.555,0.2245
1769089500000,2026-01-22,13:45:00,4813.545,4815.765,4810.535,4815.175,0.1967
1769089800000,2026-01-22,13:50:00,4815.155,4822.305,4814.295,4818.545,0.1925
1769090100000,2026-01-22,13:55:00,4818.505,4822.545,4816.805,4822.125,0.1448
1769090400000,2026-01-22,14:00:00,4822.095,4825.465,4821.505,4823.955,0.1572
1769090700000,2026-01-22,14:05:00,4824.025,4825.835,4820.225,4820.995,0.1237
1769091000000,2026-01-22,14:10:00,4820.955,4824.155,4820.595,4824.155,0.1222
1769091300000,2026-01-22,14:15:00,4824.185,4827.265,4822.305,4823.925,0.1019
1769091600000,2026-01-22,14:20:00,4824.125,4828.135,4823.065,4825.835,0.0988
1769091900000,2026-01-22,14:25:00,4826.105,4830.405,4825.595,4829.255,0.1048
1769092200000,2026-01-22,14:30:00,4829.295,4847.505,4828.065,4842.125,0.3187
1769092500000,2026-01-22,14:35:00,4842.145,4845.675,4833.095,4844.075,0.3446
1769092800000,2026-01-22,14:40:00,4843.895,4846.735,4839.068,4845.448,0.2981
1769093100000,2026-01-22,14:45:00,4845.615,4846.548,4836.765,4839.635,0.2876
1769093400000,2026-01-22,14:50:00,4839.595,4845.398,4838.985,4844.455,0.2902
1769093700000,2026-01-22,14:55:00,4844.505,4844.765,4834.435,4834.845,0.2943
1769094000000,2026-01-22,15:00:00,4834.498,4838.435,4825.358,4834.095,0.3443
1769094300000,2026-01-22,15:05:00,4834.105,4837.965,4829.965,4833.518,0.2892
1769094600000,2026-01-22,15:10:00,4833.495,4840.485,4833.495,4838.965,0.2622
1769094900000,2026-01-22,15:15:00,4838.915,4843.475,4836.075,4841.548,0.2427
1769095200000,2026-01-22,15:20:00,4841.485,4844.135,4840.935,4842.955,0.176
1769095500000,2026-01-22,15:25:00,4842.935,4855.895,4842.285,4853.805,0.2916
1769095800000,2026-01-22,15:30:00,4853.545,4864.725,4853.325,4863.445,0.232
1769096100000,2026-01-22,15:35:00,4863.475,4865.635,4860.355,4862.385,0.2361
1769096400000,2026-01-22,15:40:00,4862.415,4864.845,4858.835,4863.405,0.2284
1769096700000,2026-01-22,15:45:00,4863.445,4866.305,4860.465,4863.205,0.1999
1769097000000,2026-01-22,15:50:00,4863.245,4873.535,4861.675,4869.335,0.2421
1769097300000,2026-01-22,15:55:00,4869.305,4871.615,4867.865,4871.615,0.2399
1769097600000,2026-01-22,16:00:00,4871.645,4874.125,4868.655,4871.625,0.2222
1769097900000,2026-01-22,16:05:00,4871.605,4873.615,4867.915,4872.275,0.2283
1769098200000,2026-01-22,16:10:00,4872.295,4876.195,4872.205,4873.465,0.2014
1769098500000,2026-01-22,16:15:00,4873.505,4878.915,4870.455,4877.985,0.2055
1769098800000,2026-01-22,16:20:00,4877.845,4879.645,4874.835,4878.055,0.2316
1769099100000,2026-01-22,16:25:00,4878.085,4880.505,4875.738,4875.748,0.1931
1769099400000,2026-01-22,16:30:00,4875.748,4878.595,4873.065,4878.535,0.2079
1769099700000,2026-01-22,16:35:00,4878.585,4884.715,4876.125,4882.615,0.1766
1769100000000,2026-01-22,16:40:00,4882.505,4883.955,4878.755,4880.695,0.1846
1769100300000,2026-01-22,16:45:00,4880.775,4883.265,4879.205,4881.105,0.1392
1769100600000,2026-01-22,16:50:00,4881.145,4885.235,4879.845,4880.235,0.1705
1769100900000,2026-01-22,16:55:00,4880.275,4881.475,4874.675,4877.835,0.187
1769101200000,2026-01-22,17:00:00,4877.875,4882.365,4873.655,4882.215,0.2176
1769101500000,2026-01-22,17:05:00,4882.235,4884.495,4869.195,4876.485,0.234
1769101800000,2026-01-22,17:10:00,4876.515,4883.435,4875.035,4879.945,0.2739
1769102100000,2026-01-22,17:15:00,4879.945,4882.195,4876.165,4881.205,0.2299
1769102400000,2026-01-22,17:20:00,4881.225,4891.645,4879.735,4887.605,0.2201
1769102700000,2026-01-22,17:25:00,4887.715,4893.695,4886.115,4889.785,0.2122
1769103000000,2026-01-22,17:30:00,4889.805,4896.475,4889.055,4895.595,0.1817
1769103300000,2026-01-22,17:35:00,4895.615,4897.055,4891.575,4892.595,0.1731
1769103600000,2026-01-22,17:40:00,4892.925,4899.395,4891.195,4898.735,0.2026
1769103900000,2026-01-22,17:45:00,4898.705,4904.825,4896.245,4903.335,0.208
1769104200000,2026-01-22,17:50:00,4903.365,4905.425,4900.805,4904.335,0.2001
1769104500000,2026-01-22,17:55:00,4904.385,4906.095,4902.705,4904.385,0.1816
1769104800000,2026-01-22,18:00:00,4904.355,4911.185,4901.115,4908.285,0.2497
1769105100000,2026-01-22,18:05:00,4908.205,4913.325,4905.918,4912.125,0.2177
1769105400000,2026-01-22,18:10:00,4912.405,4915.055,4907.955,4908.355,0.2122
1769105700000,2026-01-22,18:15:00,4908.245,4912.315,4907.845,4911.265,0.1796
1769106000000,2026-01-22,18:20:00,4911.245,4913.375,4908.435,4908.605,0.2103
1769106300000,2026-01-22,18:25:00,4908.595,4911.925,4906.725,4910.065,0.2323
1769106600000,2026-01-22,18:30:00,4909.898,4913.325,4907.205,4912.355,0.1829
1769106900000,2026-01-22,18:35:00,4912.385,4915.475,4911.778,4913.545,0.1371
1769107200000,2026-01-22,18:40:00,4913.515,4914.335,4911.045,4912.825,0.1184
1769107500000,2026-01-22,18:45:00,4912.795,4916.695,4910.825,4915.655,0.1096
1769107800000,2026-01-22,18:50:00,4915.695,4917.875,4914.015,4916.775,0.1475
1769108100000,2026-01-22,18:55:00,4916.805,4919.385,4915.018,4915.815,0.1396
1769108400000,2026-01-22,19:00:00,4915.775,4920.855,4915.275,4920.105,0.1419
1769108700000,2026-01-22,19:05:00,4920.065,4924.025,4919.065,4920.785,0.156
1769109000000,2026-01-22,19:10:00,4920.765,4924.235,4920.148,4923.765,0.1249
1769109300000,2026-01-22,19:15:00,4923.945,4923.945,4920.445,4921.315,0.1422
1769109600000,2026-01-22,19:20:00,4921.355,4922.655,4917.895,4918.715,0.1509
1769109900000,2026-01-22,19:25:00,4918.715,4918.915,4909.545,4914.515,0.2358
1769110200000,2026-01-22,19:30:00,4914.545,4917.975,4914.345,4915.445,0.1489
1769110500000,2026-01-22,19:35:00,4915.495,4917.675,4915.315,4915.875,0.1307
1769110800000,2026-01-22,19:40:00,4915.885,4916.925,4913.325,4913.455,0.1341
1769111100000,2026-01-22,19:45:00,4913.465,4913.465,4905.755,4908.065,0.2288
1769111400000,2026-01-22,19:50:00,4908.055,4911.865,4907.295,4911.585,0.2175
1769111700000,2026-01-22,19:55:00,4911.605,4912.725,4910.035,4911.575,0.1305
1769112000000,2026-01-22,20:00:00,4911.595,4921.765,4911.375,4921.685,0.1669
1769112300000,2026-01-22,20:05:00,4921.665,4923.115,4921.015,4922.195,0.1339
1769112600000,2026-01-22,20:10:00,4922.285,4926.175,4921.305,4925.685,0.1358
1769112900000,2026-01-22,20:15:00,4925.665,4928.295,4924.625,4926.905,0.1534
1769113200000,2026-01-22,20:20:00,4926.935,4928.065,4924.755,4927.175,0.141
1769113500000,2026-01-22,20:25:00,4927.159,4927.505,4924.208,4925.505,0.1094
1769113800000,2026-01-22,20:30:00,4925.525,4926.965,4920.125,4920.415,0.1242
1769114100000,2026-01-22,20:35:00,4920.385,4923.715,4918.255,4919.875,0.1548
1769114400000,2026-01-22,20:40:00,4919.855,4923.305,4918.675,4922.675,0.1502
1769114700000,2026-01-22,20:45:00,4922.695,4924.745,4921.355,4922.215,0.1556
1769115000000,2026-01-22,20:50:00,4922.245,4922.775,4918.835,4920.885,0.1477
1769115300000,2026-01-22,20:55:00,4920.815,4923.395,4914.085,4916.875,0.2213
1769115600000,2026-01-22,21:00:00,4916.805,4918.555,4914.485,4916.075,0.1016
1769115900000,2026-01-22,21:05:00,4916.055,4921.565,4916.025,4919.525,0.0822
1769116200000,2026-01-22,21:10:00,4919.585,4923.045,4919.255,4922.825,0.0579
1769116500000,2026-01-22,21:15:00,4922.795,4924.315,4921.375,4922.645,0.059
1769116800000,2026-01-22,21:20:00,4922.595,4922.655,4920.485,4922.165,0.0688
1769117100000,2026-01-22,21:25:00,4922.155,4925.255,4921.325,4925.085,0.0541
1769117400000,2026-01-22,21:30:00,4925.005,4936.025,4923.965,4935.705,0.107
1769117700000,2026-01-22,21:35:00,4935.645,4936.805,4933.735,4935.915,0.0916
1769118000000,2026-01-22,21:40:00,4935.885,4940.385,4935.755,4938.945,0.0933
1769118300000,2026-01-22,21:45:00,4938.895,4940.615,4935.915,4936.445,0.0885
1769118600000,2026-01-22,21:50:00,4936.415,4937.865,4935.395,4935.655,0.0805
1769118900000,2026-01-22,21:55:00,4935.655,4939.545,4935.365,4935.685,0.0795
1769122800000,2026-01-22,23:00:00,4935.698,4951.998,4935.698,4951.698,0.1573
1769123100000,2026-01-22,23:05:00,4951.698,4958.198,4949.208,4955.198,0.1452
1769123400000,2026-01-22,23:10:00,4955.308,4959.635,4942.248,4942.705,0.1646
1769123700000,2026-01-22,23:15:00,4942.745,4946.365,4939.295,4941.255,0.1147
1769124000000,2026-01-22,23:20:00,4941.705,4945.865,4939.748,4943.595,0.0778
1769124300000,2026-01-22,23:25:00,4943.655,4944.215,4939.215,4940.025,0.0681
1769124600000,2026-01-22,23:30:00,4939.995,4940.055,4929.945,4933.945,0.1044
1769124900000,2026-01-22,23:35:00,4933.945,4937.335,4931.725,4934.875,0.0754
1769125200000,2026-01-22,23:40:00,4934.915,4938.575,4934.225,4938.575,0.0563
1769125500000,2026-01-22,23:45:00,4938.545,4954.005,4938.495,4950.855,0.1721
1769125800000,2026-01-22,23:50:00,4950.475,4958.535,4948.275,4955.665,0.131
1769126100000,2026-01-22,23:55:00,4955.585,4960.435,4953.165,4958.795,0.1143
1769126400000,2026-01-23,00:00:00,4958.785,4963.175,4957.585,4961.285,0.1317
1769126700000,2026-01-23,00:05:00,4960.865,4961.225,4955.295,4955.705,0.0992
1769127000000,2026-01-23,00:10:00,4955.665,4956.145,4950.495,4951.655,0.0887
1769127300000,2026-01-23,00:15:00,4951.505,4958.285,4949.955,4956.255,0.0893
1769127600000,2026-01-23,00:20:00,4956.295,4957.995,4950.295,4950.305,0.0756
1769127900000,2026-01-23,00:25:00,4950.315,4952.065,4947.748,4951.885,0.084
1769128200000,2026-01-23,00:30:00,4951.905,4954.648,4947.665,4949.645,0.0924
1769128500000,2026-01-23,00:35:00,4949.635,4955.865,4948.525,4952.415,0.086
1769128800000,2026-01-23,00:40:00,4952.425,4952.525,4947.235,4949.115,0.1206
1769129100000,2026-01-23,00:45:00,4949.115,4954.475,4949.095,4954.335,0.0526
1769129400000,2026-01-23,00:50:00,4954.375,4958.705,4953.925,4957.795,0.0826
1769129700000,2026-01-23,00:55:00,4957.815,4965.765,4957.405,4965.025,0.1423
1769130000000,2026-01-23,01:00:00,4965.055,4967.075,4935.995,4946.095,0.4161
1769130300000,2026-01-23,01:05:00,4946.095,4946.145,4936.315,4944.645,0.2976
1769130600000,2026-01-23,01:10:00,4944.635,4949.755,4941.905,4948.665,0.2241
1769130900000,2026-01-23,01:15:00,4948.645,4954.175,4942.245,4944.105,0.2843
1769131200000,2026-01-23,01:20:00,4944.065,4949.505,4943.065,4948.025,0.1888
1769131500000,2026-01-23,01:25:00,4948.405,4951.995,4945.145,4947.115,0.1489
1769131800000,2026-01-23,01:30:00,4947.155,4956.145,4946.435,4955.805,0.1522
1769132100000,2026-01-23,01:35:00,4955.775,4955.835,4950.235,4954.025,0.1462
1769132400000,2026-01-23,01:40:00,4953.995,4954.295,4949.615,4950.865,0.133
1769132700000,2026-01-23,01:45:00,4950.895,4960.675,4950.895,4959.735,0.1538
1769133000000,2026-01-23,01:50:00,4959.745,4962.795,4957.775,4958.425,0.1569
1769133300000,2026-01-23,01:55:00,4958.415,4959.285,4951.375,4953.315,0.1335
1769133600000,2026-01-23,02:00:00,4953.295,4956.615,4950.535,4952.178,0.1306
1769133900000,2026-01-23,02:05:00,4952.178,4955.295,4948.455,4950.025,0.1204
1769134200000,2026-01-23,02:10:00,4949.955,4950.685,4946.945,4949.275,0.1066
1769134500000,2026-01-23,02:15:00,4949.335,4950.905,4947.925,4950.615,0.1077
1769134800000,2026-01-23,02:20:00,4950.215,4953.345,4948.615,4949.995,0.0941
1769135100000,2026-01-23,02:25:00,4949.985,4952.965,4946.665,4952.815,0.0899
1769135400000,2026-01-23,02:30:00,4952.795,4957.055,4952.395,4954.825,0.1679
1769135700000,2026-01-23,02:35:00,4954.815,4956.745,4953.975,4956.095,0.122
1769136000000,2026-01-23,02:40:00,4955.995,4957.315,4953.845,4956.575,0.0986
1769136300000,2026-01-23,02:45:00,4956.575,4962.125,4956.575,4960.935,0.1043
1769136600000,2026-01-23,02:50:00,4960.995,4962.035,4958.545,4960.405,0.0796
1769136900000,2026-01-23,02:55:00,4960.375,4960.405,4955.265,4955.395,0.0783
1769137200000,2026-01-23,03:00:00,4955.365,4958.915,4954.705,4955.785,0.0767
1769137500000,2026-01-23,03:05:00,4955.735,4958.695,4955.495,4958.515,0.0958
1769137800000,2026-01-23,03:10:00,4958.525,4958.755,4953.135,4954.795,0.1232
1769138100000,2026-01-23,03:15:00,4954.765,4955.225,4939.205,4939.235,0.125
1769138400000,2026-01-23,03:20:00,4939.255,4945.615,4939.255,4943.155,0.1475
1769138700000,2026-01-23,03:25:00,4943.105,4945.775,4937.845,4943.725,0.1224
1769139000000,2026-01-23,03:30:00,4943.695,4950.795,4942.625,4950.435,0.1095
1769139300000,2026-01-23,03:35:00,4950.465,4953.135,4949.385,4951.505,0.0852
1769139600000,2026-01-23,03:40:00,4951.535,4952.055,4945.445,4949.425,0.112
1769139900000,2026-01-23,03:45:00,4949.375,4954.005,4948.005,4953.405,0.077
1769140200000,2026-01-23,03:50:00,4953.435,4954.345,4950.745,4951.555,0.0555
1769140500000,2026-01-23,03:55:00,4951.575,4953.415,4951.555,4951.855,0.0355
1769140800000,2026-01-23,04:00:00,4951.835,4953.435,4951.248,4953.135,0.0407
1769141100000,2026-01-23,04:05:00,4953.135,4953.475,4950.595,4951.865,0.038
1769141400000,2026-01-23,04:10:00,4951.875,4953.155,4951.555,4952.285,0.0347
1769141700000,2026-01-23,04:15:00,4952.265,4953.265,4951.295,4952.155,0.0247
1769142000000,2026-01-23,04:20:00,4952.125,4952.775,4950.025,4951.785,0.0472
1769142300000,2026-01-23,04:25:00,4951.775,4952.885,4950.645,4952.885,0.0414
1769142600000,2026-01-23,04:30:00,4952.865,4954.045,4951.815,4954.045,0.0356
1769142900000,2026-01-23,04:35:00,4954.075,4956.385,4953.235,4955.755,0.0474
1769143200000,2026-01-23,04:40:00,4955.705,4957.875,4955.135,4956.495,0.1143
1769143500000,2026-01-23,04:45:00,4956.335,4957.855,4954.718,4957.805,0.0515
1769143800000,2026-01-23,04:50:00,4957.835,4958.295,4957.175,4957.705,0.026
1769144100000,2026-01-23,04:55:00,4957.745,4957.745,4955.515,4956.095,0.0367
1769144400000,2026-01-23,05:00:00,4956.075,4957.155,4954.395,4956.015,0.0414
1769144700000,2026-01-23,05:05:00,4955.935,4957.475,4955.425,4956.835,0.046
1769145000000,2026-01-23,05:10:00,4956.795,4956.795,4955.345,4956.135,0.0456
1769145300000,2026-01-23,05:15:00,4956.145,4958.095,4955.445,4957.265,0.0328
1769145600000,2026-01-23,05:20:00,4957.075,4960.085,4956.995,4958.005,0.0391
1769145900000,2026-01-23,05:25:00,4958.035,4958.495,4956.485,4957.355,0.0363
1769146200000,2026-01-23,05:30:00,4957.305,4960.395,4956.695,4957.205,0.0938
1769146500000,2026-01-23,05:35:00,4957.185,4959.285,4956.325,4958.855,0.0916
1769146800000,2026-01-23,05:40:00,4958.875,4961.235,4958.875,4961.005,0.0733
1769147100000,2026-01-23,05:45:00,4961.025,4966.695,4960.605,4966.595,0.1066
1769147400000,2026-01-23,05:50:00,4966.625,4967.235,4963.285,4963.825,0.1292
1769147700000,2026-01-23,05:55:00,4963.785,4965.395,4960.175,4960.425,0.1063
1769148000000,2026-01-23,06:00:00,4960.405,4963.035,4956.665,4957.635,0.1019
1769148300000,2026-01-23,06:05:00,4957.685,4960.265,4955.365,4955.515,0.1115
1769148600000,2026-01-23,06:10:00,4955.545,4955.975,4945.405,4952.475,0.1937
1769148900000,2026-01-23,06:15:00,4952.525,4955.605,4951.235,4954.145,0.1039
1769149200000,2026-01-23,06:20:00,4954.165,4958.835,4954.105,4958.585,0.0743
1769149500000,2026-01-23,06:25:00,4958.645,4958.755,4952.445,4952.835,0.1178
1769149800000,2026-01-23,06:30:00,4952.845,4955.695,4950.555,4953.775,0.159
1769150100000,2026-01-23,06:35:00,4953.725,4954.725,4952.745,4954.345,0.1013
1769150400000,2026-01-23,06:40:00,4954.325,4954.385,4949.905,4952.865,0.1191
1769150700000,2026-01-23,06:45:00,4952.885,4955.085,4951.045,4951.795,0.093
1769151000000,2026-01-23,06:50:00,4951.865,4955.775,4950.535,4955.215,0.1306
1769151300000,2026-01-23,06:55:00,4955.165,4956.155,4952.475,4953.595,0.1036
1769151600000,2026-01-23,07:00:00,4953.635,4956.395,4952.135,4955.185,0.1107
1769151900000,2026-01-23,07:05:00,4955.215,4957.995,4953.745,4956.005,0.0896
1769152200000,2026-01-23,07:10:00,4956.035,4956.375,4953.815,4955.745,0.0685
1769152500000,2026-01-23,07:15:00,4955.755,4957.255,4955.065,4957.065,0.0662
1769152800000,2026-01-23,07:20:00,4957.025,4959.505,4951.595,4951.635,0.0784
1769153100000,2026-01-23,07:25:00,4951.595,4956.725,4951.505,4956.725,0.1023
1769153400000,2026-01-23,07:30:00,4957.045,4958.295,4953.585,4956.215,0.09
1769153700000,2026-01-23,07:35:00,4956.245,4956.665,4952.415,4952.655,0.0909
1769154000000,2026-01-23,07:40:00,4952.675,4953.505,4945.848,4945.875,0.2979
1769154300000,2026-01-23,07:45:00,4945.925,4950.175,4943.105,4944.095,0.1379
1769154600000,2026-01-23,07:50:00,4944.115,4950.425,4944.025,4950.425,0.0787
1769154900000,2026-01-23,07:55:00,4950.385,4950.995,4944.105,4944.325,0.0795
1769155200000,2026-01-23,08:00:00,4944.305,4946.455,4941.775,4946.325,0.1035
1769155500000,2026-01-23,08:05:00,4946.245,4947.565,4943.385,4946.555,0.0832
1769155800000,2026-01-23,08:10:00,4946.695,4946.695,4940.278,4941.805,0.1094
1769156100000,2026-01-23,08:15:00,4941.795,4942.725,4937.605,4938.975,0.1175
1769156400000,2026-01-23,08:20:00,4938.935,4938.935,4920.205,4920.555,0.2326
1769156700000,2026-01-23,08:25:00,4920.765,4921.005,4901.005,4913.215,0.2766
1769157000000,2026-01-23,08:30:00,4913.285,4919.815,4910.275,4919.445,0.1653
1769157300000,2026-01-23,08:35:00,4919.415,4924.115,4914.405,4920.845,0.169
1769157600000,2026-01-23,08:40:00,4920.865,4926.065,4919.375,4924.765,0.1448
1769157900000,2026-01-23,08:45:00,4924.795,4925.195,4915.745,4916.795,0.1651
1769158200000,2026-01-23,08:50:00,4916.695,4919.145,4908.495,4913.725,0.1697
1769158500000,2026-01-23,08:55:00,4913.725,4913.905,4908.845,4913.535,0.1691
1769158800000,2026-01-23,09:00:00,4913.635,4919.875,4912.695,4913.965,0.2056
1769159100000,2026-01-23,09:05:00,4913.995,4915.645,4910.998,4914.285,0.1519
1769159400000,2026-01-23,09:10:00,4914.255,4914.765,4908.975,4911.735,0.1342
1769159700000,2026-01-23,09:15:00,4911.765,4914.605,4905.305,4905.475,0.1645
1769160000000,2026-01-23,09:20:00,4905.505,4914.535,4905.505,4909.375,0.1469
1769160300000,2026-01-23,09:25:00,4909.045,4911.595,4899.545,4905.345,0.1958
1769160600000,2026-01-23,09:30:00,4905.285,4912.385,4903.155,4911.235,0.171
1769160900000,2026-01-23,09:35:00,4911.155,4913.448,4906.395,4911.995,0.2376
1769161200000,2026-01-23,09:40:00,4911.925,4917.605,4911.655,4916.745,0.2077
1769161500000,2026-01-23,09:45:00,4916.685,4919.695,4914.315,4919.125,0.1996
1769161800000,2026-01-23,09:50:00,4919.075,4921.225,4917.065,4919.365,0.1657
1769162100000,2026-01-23,09:55:00,4919.335,4919.515,4917.085,4918.415,0.1079
1769162400000,2026-01-23,10:00:00,4918.465,4922.585,4917.135,4918.505,0.1095
1769162700000,2026-01-23,10:05:00,4918.485,4920.195,4915.485,4918.925,0.114
1769163000000,2026-01-23,10:10:00,4918.905,4921.925,4918.465,4921.125,0.0757
1769163300000,2026-01-23,10:15:00,4921.155,4925.795,4921.155,4924.885,0.1115
1769163600000,2026-01-23,10:20:00,4925.025,4926.185,4923.075,4925.965,0.115
1769163900000,2026-01-23,10:25:00,4926.055,4932.265,4926.055,4929.075,0.1877
1769164200000,2026-01-23,10:30:00,4929.048,4930.058,4925.155,4926.695,0.1049
1769164500000,2026-01-23,10:35:00,4926.755,4928.355,4924.895,4927.855,0.0833
1769164800000,2026-01-23,10:40:00,4927.845,4928.715,4924.505,4927.925,0.0692
1769165100000,2026-01-23,10:45:00,4927.955,4928.245,4924.405,4926.665,0.0713
1769165400000,2026-01-23,10:50:00,4926.705,4930.495,4926.395,4927.955,0.0977
1769165700000,2026-01-23,10:55:00,4928.185,4930.335,4927.265,4929.635,0.0922
1769166000000,2026-01-23,11:00:00,4929.715,4929.735,4917.215,4918.775,0.0999
1769166300000,2026-01-23,11:05:00,4918.745,4920.595,4915.765,4920.295,0.1133
1769166600000,2026-01-23,11:10:00,4920.185,4921.225,4917.665,4918.205,0.0756
1769166900000,2026-01-23,11:15:00,4918.255,4919.255,4911.625,4916.885,0.1294
1769167200000,2026-01-23,11:20:00,4916.875,4919.335,4913.605,4919.225,0.1031
1769167500000,2026-01-23,11:25:00,4918.935,4921.705,4918.795,4920.515,0.0883
1769167800000,2026-01-23,11:30:00,4920.735,4924.475,4919.475,4923.405,0.085
1769168100000,2026-01-23,11:35:00,4923.465,4924.955,4922.445,4923.465,0.0753
1769168400000,2026-01-23,11:40:00,4923.465,4924.875,4923.275,4923.275,0.0552
1769168700000,2026-01-23,11:45:00,4923.295,4925.815,4922.205,4925.775,0.0842
1769169000000,2026-01-23,11:50:00,4925.835,4926.145,4923.095,4923.785,0.078
1769169300000,2026-01-23,11:55:00,4924.345,4925.965,4920.725,4922.625,0.1177
1769169600000,2026-01-23,12:00:00,4923.025,4930.825,4918.205,4930.265,0.1761
1769169900000,2026-01-23,12:05:00,4930.245,4934.045,4929.225,4933.695,0.1295
1769170200000,2026-01-23,12:10:00,4933.515,4934.205,4932.265,4933.615,0.0827
1769170500000,2026-01-23,12:15:00,4933.645,4936.785,4930.295,4931.155,0.1137
1769170800000,2026-01-23,12:20:00,4931.198,4934.995,4930.885,4933.825,0.1001
1769171100000,2026-01-23,12:25:00,4933.785,4935.905,4931.965,4933.835,0.1031
1769171400000,2026-01-23,12:30:00,4933.795,4936.298,4932.905,4935.165,0.1143
1769171700000,2026-01-23,12:35:00,4934.878,4937.965,4934.485,4936.595,0.14
1769172000000,2026-01-23,12:40:00,4936.595,4938.855,4932.205,4935.985,0.1902
1769172300000,2026-01-23,12:45:00,4936.045,4939.375,4935.785,4938.398,0.1741
1769172600000,2026-01-23,12:50:00,4938.635,4942.295,4938.625,4941.235,0.1518
1769172900000,2026-01-23,12:55:00,4941.215,4942.025,4937.865,4939.225,0.1533
1769173200000,2026-01-23,13:00:00,4939.175,4944.655,4933.285,4943.445,0.3358
1769173500000,2026-01-23,13:05:00,4943.425,4947.785,4940.455,4940.665,0.2555
1769173800000,2026-01-23,13:10:00,4940.735,4940.955,4936.505,4940.035,0.1838
1769174100000,2026-01-23,13:15:00,4940.075,4940.335,4935.018,4936.485,0.2096
1769174400000,2026-01-23,13:20:00,4936.475,4938.865,4923.305,4927.705,0.2895
1769174700000,2026-01-23,13:25:00,4927.485,4933.685,4926.175,4931.075,0.2326
1769175000000,2026-01-23,13:30:00,4930.765,4938.785,4930.098,4935.835,0.2449
1769175300000,2026-01-23,13:35:00,4935.875,4938.998,4927.075,4929.985,0.2676
1769175600000,2026-01-23,13:40:00,4930.005,4933.345,4928.285,4931.615,0.2155
1769175900000,2026-01-23,13:45:00,4931.505,4938.095,4930.325,4936.575,0.1967
1769176200000,2026-01-23,13:50:00,4936.465,4940.785,4935.325,4940.315,0.1618
1769176500000,2026-01-23,13:55:00,4940.275,4940.425,4935.065,4938.945,0.1575
1769176800000,2026-01-23,14:00:00,4938.865,4942.065,4934.685,4940.825,0.1857
1769177100000,2026-01-23,14:05:00,4940.835,4944.365,4939.965,4942.415,0.1677
1769177400000,2026-01-23,14:10:00,4942.525,4947.715,4942.405,4944.365,0.1648
1769177700000,2026-01-23,14:15:00,4944.735,4944.895,4939.705,4942.155,0.1511
1769178000000,2026-01-23,14:20:00,4942.125,4945.455,4939.955,4940.305,0.129
1769178300000,2026-01-23,14:25:00,4940.335,4942.425,4939.475,4939.665,0.139
1769178600000,2026-01-23,14:30:00,4939.715,4945.735,4932.535,4942.675,0.2938
1769178900000,2026-01-23,14:35:00,4942.705,4949.465,4941.055,4944.335,0.2735
1769179200000,2026-01-23,14:40:00,4944.405,4949.585,4943.635,4946.515,0.2329
1769179500000,2026-01-23,14:45:00,4946.595,4955.625,4946.075,4953.465,0.2271
1769179800000,2026-01-23,14:50:00,4953.425,4956.325,4950.625,4952.985,0.2408
1769180100000,2026-01-23,14:55:00,4953.025,4953.865,4942.145,4942.995,0.2399
1769180400000,2026-01-23,15:00:00,4943.005,4950.985,4937.965,4949.805,0.2666
1769180700000,2026-01-23,15:05:00,4950.301,4955.545,4948.648,4955.485,0.233
1769181000000,2026-01-23,15:10:00,4955.435,4955.695,4950.675,4952.565,0.272
1769181300000,2026-01-23,15:15:00,4952.585,4954.035,4942.305,4948.985,0.286
1769181600000,2026-01-23,15:20:00,4949.345,4949.535,4942.155,4944.485,0.2462
1769181900000,2026-01-23,15:25:00,4944.515,4948.165,4942.805,4944.545,0.2125
1769182200000,2026-01-23,15:30:00,4944.575,4950.498,4943.435,4950.055,0.185
1769182500000,2026-01-23,15:35:00,4950.098,4955.095,4946.955,4954.395,0.2039
1769182800000,2026-01-23,15:40:00,4954.445,4960.775,4952.615,4959.045,0.2401
1769183100000,2026-01-23,15:45:00,4959.005,4963.265,4957.705,4960.285,0.2168
1769183400000,2026-01-23,15:50:00,4960.265,4960.265,4951.098,4957.205,0.2882
1769183700000,2026-01-23,15:55:00,4957.225,4960.398,4955.398,4960.295,0.2229
1769184000000,2026-01-23,16:00:00,4960.345,4966.198,4958.898,4964.095,0.2133
1769184300000,2026-01-23,16:05:00,4964.055,4974.065,4960.995,4973.615,0.2056
1769184600000,2026-01-23,16:10:00,4973.498,4976.705,4969.495,4970.745,0.2652
1769184900000,2026-01-23,16:15:00,4970.785,4980.495,4969.335,4979.295,0.233
1769185200000,2026-01-23,16:20:00,4979.275,4981.345,4977.615,4979.875,0.2027
1769185500000,2026-01-23,16:25:00,4979.875,4986.365,4979.605,4985.335,0.2262
1769185800000,2026-01-23,16:30:00,4985.365,4988.095,4978.665,4982.245,0.234
1769186100000,2026-01-23,16:35:00,4982.275,4985.685,4979.815,4981.505,0.2203
1769186400000,2026-01-23,16:40:00,4981.525,4983.895,4980.055,4982.585,0.2149
1769186700000,2026-01-23,16:45:00,4982.315,4982.315,4975.505,4978.065,0.2234
1769187000000,2026-01-23,16:50:00,4978.255,4982.125,4976.975,4981.015,0.203
1769187300000,2026-01-23,16:55:00,4981.065,4982.735,4979.065,4980.125,0.196
1769187600000,2026-01-23,17:00:00,4980.165,4983.325,4977.065,4982.275,0.1764
1769187900000,2026-01-23,17:05:00,4982.355,4984.435,4980.055,4983.245,0.1547
1769188200000,2026-01-23,17:10:00,4983.215,4986.785,4982.918,4984.325,0.1812
1769188500000,2026-01-23,17:15:00,4984.555,4987.535,4983.298,4986.115,0.1713
1769188800000,2026-01-23,17:20:00,4986.135,4986.775,4981.905,4983.395,0.1694
1769189100000,2026-01-23,17:25:00,4983.445,4984.525,4980.498,4982.865,0.156
1769189400000,2026-01-23,17:30:00,4982.835,4986.545,4982.458,4983.935,0.1814
1769189700000,2026-01-23,17:35:00,4983.895,4986.498,4983.095,4986.425,0.1688
1769190000000,2026-01-23,17:40:00,4987.035,4987.815,4981.985,4982.905,0.1776
1769190300000,2026-01-23,17:45:00,4982.835,4984.875,4981.048,4983.345,0.1709
1769190600000,2026-01-23,17:50:00,4983.365,4984.605,4970.298,4970.498,0.2608
1769190900000,2026-01-23,17:55:00,4970.498,4970.605,4961.845,4965.525,0.3261
1769191200000,2026-01-23,18:00:00,4965.585,4978.985,4965.045,4978.605,0.2474
1769191500000,2026-01-23,18:05:00,4978.575,4979.155,4974.785,4975.415,0.1899
1769191800000,2026-01-23,18:10:00,4975.445,4982.545,4975.015,4980.695,0.1875
1769192100000,2026-01-23,18:15:00,4980.735,4982.515,4979.385,4979.575,0.1662
1769192400000,2026-01-23,18:20:00,4979.625,4983.885,4978.525,4980.865,0.2013
1769192700000,2026-01-23,18:25:00,4980.785,4983.875,4977.298,4978.335,0.2063
1769193000000,2026-01-23,18:30:00,4978.295,4979.695,4972.315,4974.375,0.193
1769193300000,2026-01-23,18:35:00,4974.335,4975.975,4969.618,4970.875,0.1637
1769193600000,2026-01-23,18:40:00,4970.965,4972.865,4963.645,4964.135,0.1734
1769193900000,2026-01-23,18:45:00,4964.155,4966.095,4957.995,4958.355,0.2208
1769194200000,2026-01-23,18:50:00,4958.335,4968.575,4958.335,4968.425,0.1875
1769194500000,2026-01-23,18:55:00,4968.395,4969.595,4965.795,4966.375,0.145
1769194800000,2026-01-23,19:00:00,4966.505,4976.205,4966.505,4976.205,0.1666
1769195100000,2026-01-23,19:05:00,4976.148,4978.675,4971.275,4975.195,0.1638
1769195400000,2026-01-23,19:10:00,4975.225,4975.225,4972.125,4973.925,0.1216
1769195700000,2026-01-23,19:15:00,4973.945,4977.275,4973.475,4977.215,0.1063
1769196000000,2026-01-23,19:20:00,4977.235,4978.635,4975.705,4976.415,0.1244
1769196300000,2026-01-23,19:25:00,4976.525,4978.435,4974.715,4977.075,0.1254
1769196600000,2026-01-23,19:30:00,4977.015,4980.155,4974.648,4976.498,0.143
1769196900000,2026-01-23,19:35:00,4976.698,4977.595,4974.155,4974.965,0.1126
1769197200000,2026-01-23,19:40:00,4974.945,4978.885,4974.425,4978.498,0.1057
1769197500000,2026-01-23,19:45:00,4978.545,4983.865,4977.798,4982.655,0.1579
1769197800000,2026-01-23,19:50:00,4982.615,4989.675,4982.145,4988.465,0.1482
1769198100000,2026-01-23,19:55:00,4988.415,4989.625,4983.145,4983.945,0.1716
1769198400000,2026-01-23,20:00:00,4983.875,4985.455,4977.015,4980.705,0.213
1769198700000,2026-01-23,20:05:00,4980.735,4980.905,4970.385,4978.205,0.2166
1769199000000,2026-01-23,20:10:00,4978.325,4981.305,4976.275,4981.105,0.2617
1769199300000,2026-01-23,20:15:00,4981.125,4985.305,4980.135,4980.715,0.2314
1769199600000,2026-01-23,20:20:00,4980.795,4982.585,4979.345,4981.745,0.1577
1769199900000,2026-01-23,20:25:00,4981.705,4982.215,4978.185,4980.765,0.1547
1769200200000,2026-01-23,20:30:00,4980.775,4980.775,4975.448,4978.075,0.2086
1769200500000,2026-01-23,20:35:00,4977.955,4982.985,4976.705,4982.565,0.1801
1769200800000,2026-01-23,20:40:00,4982.595,4983.385,4980.075,4982.245,0.1484
1769201100000,2026-01-23,20:45:00,4982.285,4982.775,4981.265,4981.995,0.1269
1769201400000,2026-01-23,20:50:00,4981.965,4982.345,4978.685,4979.545,0.1861
1769201700000,2026-01-23,20:55:00,4979.545,4984.075,4979.485,4980.725,0.192
1769202000000,2026-01-23,21:00:00,4980.805,4984.515,4978.918,4983.805,0.0963
1769202300000,2026-01-23,21:05:00,4983.775,4985.985,4982.245,4982.325,0.0893
1769202600000,2026-01-23,21:10:00,4982.265,4983.655,4980.955,4981.305,0.0645
1769202900000,2026-01-23,21:15:00,4981.265,4982.145,4978.865,4979.005,0.0578
1769203200000,2026-01-23,21:20:00,4979.098,4982.155,4977.925,4982.025,0.0587
1769203500000,2026-01-23,21:25:00,4982.055,4983.615,4981.215,4981.825,0.0517
1769203800000,2026-01-23,21:30:00,4981.855,4983.175,4980.575,4981.565,0.0386
1769204100000,2026-01-23,21:35:00,4981.545,4982.778,4980.495,4982.615,0.0699
1769204400000,2026-01-23,21:40:00,4982.605,4983.208,4981.145,4982.265,0.0547
1769204700000,2026-01-23,21:45:00,4982.235,4983.035,4980.755,4982.398,0.0711
1769205000000,2026-01-23,21:50:00,4982.295,4986.198,4981.685,4985.848,0.1013
1769205300000,2026-01-23,21:55:00,4985.775,4989.648,4982.585,4983.785,0.152
1769382000000,2026-01-25,23:00:00,5003.285,5026.648,5001.098,5012.948,0.3271
1769382300000,2026-01-25,23:05:00,5012.748,5024.905,5002.298,5022.248,0.6024
1769382600000,2026-01-25,23:10:00,5021.988,5025.755,5013.248,5021.305,0.1783
1769382900000,2026-01-25,23:15:00,5020.565,5029.275,5019.385,5028.125,0.1501
1769383200000,2026-01-25,23:20:00,5028.165,5030.745,5023.475,5024.615,0.1276
1769383500000,2026-01-25,23:25:00,5024.625,5025.365,5011.895,5018.335,0.1755
1769383800000,2026-01-25,23:30:00,5018.555,5026.805,5016.155,5022.035,0.1647
1769384100000,2026-01-25,23:35:00,5022.055,5031.585,5017.675,5029.555,0.1358
1769384400000,2026-01-25,23:40:00,5029.555,5030.015,5024.645,5024.955,0.1275
1769384700000,2026-01-25,23:45:00,5024.855,5036.145,5024.755,5033.315,0.1533
1769385000000,2026-01-25,23:50:00,5033.325,5039.695,5031.585,5039.425,0.1044
1769385300000,2026-01-25,23:55:00,5039.435,5039.445,5035.615,5039.395,0.0885
1769385600000,2026-01-26,00:00:00,5039.525,5041.015,5034.205,5040.685,0.1541
1769385900000,2026-01-26,00:05:00,5040.665,5043.535,5037.335,5042.495,0.1539
1769386200000,2026-01-26,00:10:00,5042.385,5042.425,5034.505,5039.005,0.1414
1769386500000,2026-01-26,00:15:00,5038.995,5039.715,5032.495,5033.125,0.1412
1769386800000,2026-01-26,00:20:00,5033.125,5035.025,5030.275,5034.445,0.1363
1769387100000,2026-01-26,00:25:00,5034.475,5042.655,5034.315,5042.655,0.1471
1769387400000,2026-01-26,00:30:00,5042.515,5048.735,5041.925,5045.915,0.1478
1769387700000,2026-01-26,00:35:00,5045.975,5049.765,5045.665,5049.475,0.1343
1769388000000,2026-01-26,00:40:00,5049.445,5051.885,5049.085,5050.145,0.1304
1769388300000,2026-01-26,00:45:00,5050.195,5051.625,5046.985,5049.455,0.1594
1769388600000,2026-01-26,00:50:00,5049.405,5050.155,5043.848,5043.975,0.1966
1769388900000,2026-01-26,00:55:00,5043.995,5046.115,5037.855,5041.495,0.2292
1769389200000,2026-01-26,01:00:00,5041.565,5044.235,5028.745,5042.575,0.3848
1769389500000,2026-01-26,01:05:00,5042.685,5049.305,5041.875,5046.955,0.3035
1769389800000,2026-01-26,01:10:00,5046.935,5058.815,5046.605,5057.545,0.2877
1769390100000,2026-01-26,01:15:00,5057.505,5065.985,5056.395,5062.375,0.3055
1769390400000,2026-01-26,01:20:00,5062.425,5069.155,5061.585,5068.965,0.2589
1769390700000,2026-01-26,01:25:00,5069.055,5075.275,5066.255,5074.185,0.2755
1769391000000,2026-01-26,01:30:00,5074.195,5084.125,5071.705,5083.575,0.2509
1769391300000,2026-01-26,01:35:00,5083.575,5085.355,5071.495,5076.165,0.347
1769391600000,2026-01-26,01:40:00,5076.115,5083.675,5072.795,5083.075,0.2957
1769391900000,2026-01-26,01:45:00,5083.035,5084.675,5072.865,5075.215,0.4552
1769392200000,2026-01-26,01:50:00,5075.225,5081.965,5067.465,5077.685,0.3321
1769392500000,2026-01-26,01:55:00,5077.725,5082.355,5069.805,5070.775,0.2613
1769392800000,2026-01-26,02:00:00,5070.725,5078.625,5068.125,5076.605,0.3335
1769393100000,2026-01-26,02:05:00,5076.545,5076.745,5067.895,5068.855,0.2926
1769393400000,2026-01-26,02:10:00,5068.895,5078.945,5066.625,5074.795,0.3269
1769393700000,2026-01-26,02:15:00,5074.625,5078.045,5072.335,5076.945,0.2857
1769394000000,2026-01-26,02:20:00,5076.905,5088.355,5074.445,5087.395,0.2155
1769394300000,2026-01-26,02:25:00,5087.425,5088.695,5084.515,5087.655,0.1717
1769394600000,2026-01-26,02:30:00,5087.555,5092.785,5080.755,5083.505,0.3659
1769394900000,2026-01-26,02:35:00,5083.485,5086.025,5078.995,5084.865,0.2309
1769395200000,2026-01-26,02:40:00,5084.805,5091.295,5084.125,5088.085,0.254
1769395500000,2026-01-26,02:45:00,5088.085,5090.935,5084.095,5086.705,0.22
1769395800000,2026-01-26,02:50:00,5086.735,5088.685,5083.835,5086.005,0.2016
1769396100000,2026-01-26,02:55:00,5086.045,5087.135,5080.505,5080.695,0.255
1769396400000,2026-01-26,03:00:00,5080.685,5081.585,5071.415,5081.535,0.2832
1769396700000,2026-01-26,03:05:00,5081.595,5084.855,5078.205,5079.885,0.206
1769397000000,2026-01-26,03:10:00,5079.225,5084.745,5079.075,5084.625,0.1878
1769397300000,2026-01-26,03:15:00,5084.605,5087.575,5077.635,5078.295,0.226
1769397600000,2026-01-26,03:20:00,5078.325,5083.245,5074.625,5083.115,0.263
1769397900000,2026-01-26,03:25:00,5083.145,5084.405,5077.545,5079.175,0.253
1769398200000,2026-01-26,03:30:00,5079.155,5083.145,5077.495,5082.595,0.132
1769398500000,2026-01-26,03:35:00,5082.565,5083.645,5079.378,5079.998,0.4042
1769398800000,2026-01-26,03:40:00,5079.998,5080.398,5075.675,5078.365,0.2073
1769399100000,2026-01-26,03:45:00,5078.095,5079.265,5071.765,5073.995,0.2365
1769399400000,2026-01-26,03:50:00,5074.035,5076.135,5069.905,5071.775,0.1979
1769399700000,2026-01-26,03:55:00,5071.755,5076.735,5071.125,5076.525,0.1343
1769400000000,2026-01-26,04:00:00,5076.445,5076.875,5071.985,5073.425,0.1344
1769400300000,2026-01-26,04:05:00,5073.455,5077.985,5072.535,5075.905,0.1126
1769400600000,2026-01-26,04:10:00,5075.875,5076.285,5072.955,5075.785,0.1147
1769400900000,2026-01-26,04:15:00,5075.885,5076.375,5072.225,5075.935,0.1192
1769401200000,2026-01-26,04:20:00,5075.885,5076.395,5071.155,5072.585,0.1403
1769401500000,2026-01-26,04:25:00,5072.615,5073.315,5071.315,5072.015,0.1237
1769401800000,2026-01-26,04:30:00,5072.035,5072.895,5064.285,5070.085,0.1482
1769402100000,2026-01-26,04:35:00,5070.115,5072.285,5065.545,5066.625,0.1162
1769402400000,2026-01-26,04:40:00,5066.715,5067.125,5064.015,5066.855,0.1255
1769402700000,2026-01-26,04:45:00,5066.905,5067.145,5058.045,5063.115,0.1863
1769403000000,2026-01-26,04:50:00,5063.165,5067.175,5063.165,5065.285,0.1063
1769403300000,2026-01-26,04:55:00,5065.185,5072.075,5064.855,5070.175,0.1087
1769403600000,2026-01-26,05:00:00,5070.145,5072.565,5068.015,5068.035,0.0836
1769403900000,2026-01-26,05:05:00,5068.015,5068.155,5058.945,5064.655,0.1976
1769404200000,2026-01-26,05:10:00,5064.685,5064.695,5054.895,5059.725,0.198
1769404500000,2026-01-26,05:15:00,5059.745,5061.705,5052.175,5053.925,0.1545
1769404800000,2026-01-26,05:20:00,5053.905,5063.615,5053.715,5062.785,0.1688
1769405100000,2026-01-26,05:25:00,5062.885,5066.885,5060.735,5065.295,0.1772
1769405400000,2026-01-26,05:30:00,5065.255,5066.195,5054.555,5063.415,0.4309
1769405700000,2026-01-26,05:35:00,5063.415,5067.805,5056.895,5061.085,0.3108
1769406000000,2026-01-26,05:40:00,5061.015,5063.155,5052.755,5059.685,0.3412
1769406300000,2026-01-26,05:45:00,5059.685,5071.995,5058.195,5071.775,0.3096
1769406600000,2026-01-26,05:50:00,5071.905,5076.325,5070.135,5073.435,0.2276
1769406900000,2026-01-26,05:55:00,5074.025,5075.265,5071.165,5074.185,0.16
1769407200000,2026-01-26,06:00:00,5074.165,5082.085,5073.565,5079.065,0.2405
1769407500000,2026-01-26,06:05:00,5078.805,5078.835,5070.855,5071.335,0.2111
1769407800000,2026-01-26,06:10:00,5071.355,5075.855,5067.145,5069.145,0.2042
1769408100000,2026-01-26,06:15:00,5069.115,5072.745,5065.175,5070.975,0.2301
1769408400000,2026-01-26,06:20:00,5070.935,5072.915,5068.085,5072.675,0.1824
1769408700000,2026-01-26,06:25:00,5072.635,5077.045,5072.255,5075.045,0.2
1769409000000,2026-01-26,06:30:00,5075.195,5079.665,5074.565,5079.555,0.1778
1769409300000,2026-01-26,06:35:00,5079.555,5085.465,5077.775,5084.115,0.1455
1769409600000,2026-01-26,06:40:00,5084.085,5092.505,5081.595,5091.945,0.1872
1769409900000,2026-01-26,06:45:00,5091.925,5109.835,5091.775,5106.685,0.2982
1769410200000,2026-01-26,06:50:00,5106.665,5110.885,5098.765,5099.025,0.2648
1769410500000,2026-01-26,06:55:00,5099.035,5099.035,5076.105,5077.235,0.4078
1769410800000,2026-01-26,07:00:00,5077.235,5082.505,5073.575,5081.105,0.3318
1769411100000,2026-01-26,07:05:00,5081.125,5090.095,5080.865,5088.035,0.2125
1769411400000,2026-01-26,07:10:00,5088.095,5092.125,5086.948,5090.905,0.1462
1769411700000,2026-01-26,07:15:00,5090.815,5095.455,5089.675,5092.515,0.1654
1769412000000,2026-01-26,07:20:00,5092.495,5095.465,5090.515,5091.705,0.1325
1769412300000,2026-01-26,07:25:00,5091.705,5095.585,5090.695,5095.255,0.12
1769412600000,2026-01-26,07:30:00,5095.275,5095.535,5091.055,5092.715,0.1252
1769412900000,2026-01-26,07:35:00,5092.745,5092.995,5088.965,5090.355,0.1204
1769413200000,2026-01-26,07:40:00,5090.325,5090.615,5085.735,5088.535,0.147
1769413500000,2026-01-26,07:45:00,5088.525,5092.545,5088.105,5092.345,0.1202
1769413800000,2026-01-26,07:50:00,5091.915,5094.055,5090.108,5091.895,0.1049
1769414100000,2026-01-26,07:55:00,5091.845,5092.855,5088.145,5088.855,0.1389
1769414400000,2026-01-26,08:00:00,5088.815,5096.448,5086.998,5094.405,0.1741
1769414700000,2026-01-26,08:05:00,5094.425,5095.975,5089.755,5091.105,0.168
1769415000000,2026-01-26,08:10:00,5090.695,5096.535,5089.525,5095.995,0.1547
1769415300000,2026-01-26,08:15:00,5095.965,5097.525,5094.855,5096.835,0.126
1769415600000,2026-01-26,08:20:00,5096.815,5096.965,5095.225,5096.275,0.1249
1769415900000,2026-01-26,08:25:00,5096.225,5097.475,5096.015,5096.565,0.1183
1769416200000,2026-01-26,08:30:00,5096.505,5097.865,5095.825,5096.525,0.1202
1769416500000,2026-01-26,08:35:00,5096.495,5098.225,5095.325,5095.715,0.1573
1769416800000,2026-01-26,08:40:00,5095.665,5096.375,5090.145,5093.315,0.2001
1769417100000,2026-01-26,08:45:00,5093.345,5093.835,5088.675,5088.755,0.1971
1769417400000,2026-01-26,08:50:00,5088.735,5089.545,5080,5082.805,0.2131
1769417700000,2026-01-26,08:55:00,5083.085,5084.395,5080.965,5083.185,0.1912
1769418000000,2026-01-26,09:00:00,5082.965,5090.655,5081.925,5088.625,0.2212
1769418300000,2026-01-26,09:05:00,5088.525,5092.885,5088.255,5089.015,0.1205
1769418600000,2026-01-26,09:10:00,5088.995,5091.395,5087.025,5091.095,0.1324
1769418900000,2026-01-26,09:15:00,5091.135,5094.185,5091.095,5093.505,0.1407
1769419200000,2026-01-26,09:20:00,5093.535,5094.205,5087.865,5090.205,0.1631
1769419500000,2026-01-26,09:25:00,5090.165,5096.815,5089.945,5096.565,0.1354
1769419800000,2026-01-26,09:30:00,5096.605,5098.376,5095.115,5097.975,0.1154
1769420100000,2026-01-26,09:35:00,5097.975,5098.325,5093.185,5093.185,0.112
1769420400000,2026-01-26,09:40:00,5093.235,5093.365,5087.235,5091.355,0.1546
1769420700000,2026-01-26,09:45:00,5091.385,5093.065,5083.205,5083.635,0.1231
1769421000000,2026-01-26,09:50:00,5083.675,5086.065,5077.215,5079.135,0.2234
1769421300000,2026-01-26,09:55:00,5079.145,5084.025,5075.145,5083.995,0.1831
1769421600000,2026-01-26,10:00:00,5084.57,5085.895,5078.395,5081.345,0.1669
1769421900000,2026-01-26,10:05:00,5081.315,5085.195,5079.095,5082.725,0.1394
1769422200000,2026-01-26,10:10:00,5082.265,5090.175,5081.795,5089.065,0.1226
1769422500000,2026-01-26,10:15:00,5089.025,5089.675,5087.035,5089.475,0.1135
1769422800000,2026-01-26,10:20:00,5089.435,5091.145,5087.305,5088.635,0.1008
1769423100000,2026-01-26,10:25:00,5088.665,5089.705,5086.155,5087.355,0.106
1769423400000,2026-01-26,10:30:00,5087.385,5093.395,5085.755,5092.845,0.1181
1769423700000,2026-01-26,10:35:00,5092.795,5094.765,5090.295,5094.585,0.1174
1769424000000,2026-01-26,10:40:00,5094.535,5094.895,5092.025,5092.785,0.0907
1769424300000,2026-01-26,10:45:00,5092.765,5094.145,5090.935,5092.245,0.123
1769424600000,2026-01-26,10:50:00,5092.205,5092.855,5090.105,5092.585,0.1505
1769424900000,2026-01-26,10:55:00,5092.635,5092.865,5090.455,5091.545,0.1382
1769425200000,2026-01-26,11:00:00,5091.525,5092.755,5089.215,5092.345,0.1178
1769425500000,2026-01-26,11:05:00,5092.315,5092.515,5089.925,5091.175,0.1169
1769425800000,2026-01-26,11:10:00,5091.225,5091.225,5087.155,5087.715,0.1469
1769426100000,2026-01-26,11:15:00,5087.805,5088.505,5078.215,5081.275,0.1773
1769426400000,2026-01-26,11:20:00,5081.255,5084.985,5078.755,5084.345,0.1704
1769426700000,2026-01-26,11:25:00,5084.315,5087.395,5082.295,5087.175,0.1332
1769427000000,2026-01-26,11:30:00,5087.155,5087.405,5083.495,5084.795,0.1224
1769427300000,2026-01-26,11:35:00,5084.815,5091.835,5084.435,5091.825,0.1205
1769427600000,2026-01-26,11:40:00,5091.805,5092.365,5089.185,5089.795,0.1166
1769427900000,2026-01-26,11:45:00,5089.825,5090.765,5087.145,5090.525,0.1276
1769428200000,2026-01-26,11:50:00,5090.555,5092.455,5090.235,5091.385,0.1018
1769428500000,2026-01-26,11:55:00,5091.445,5092.165,5089.645,5091.345,0.0933
1769428800000,2026-01-26,12:00:00,5091.385,5093.445,5086.985,5093.445,0.1547
1769429100000,2026-01-26,12:05:00,5093.435,5093.605,5090.015,5092.495,0.1338
1769429400000,2026-01-26,12:10:00,5092.525,5092.645,5089.175,5090.275,0.1249
1769429700000,2026-01-26,12:15:00,5090.135,5091.115,5086.015,5088.845,0.1074
1769430000000,2026-01-26,12:20:00,5088.795,5096.835,5088.465,5096.495,0.1946
1769430300000,2026-01-26,12:25:00,5096.458,5096.605,5088.538,5089.825,0.1383
1769430600000,2026-01-26,12:30:00,5089.845,5089.845,5084.155,5086.605,0.2098
1769430900000,2026-01-26,12:35:00,5086.765,5089.715,5085.235,5085.245,0.1175
1769431200000,2026-01-26,12:40:00,5085.165,5087.455,5079.125,5083.255,0.1727
1769431500000,2026-01-26,12:45:00,5083.285,5085.305,5082.405,5083.595,0.1581
1769431800000,2026-01-26,12:50:00,5083.625,5085.385,5081.745,5084.495,0.1528
1769432100000,2026-01-26,12:55:00,5084.155,5085.695,5076.935,5078.745,0.2365
1769432400000,2026-01-26,13:00:00,5078.665,5080.535,5066.025,5074.245,0.3306
1769432700000,2026-01-26,13:05:00,5074.155,5078.015,5070.825,5076.765,0.2559
1769433000000,2026-01-26,13:10:00,5077.235,5082.095,5077.235,5079.915,0.2142
1769433300000,2026-01-26,13:15:00,5079.945,5082.915,5074.785,5076.595,0.206
1769433600000,2026-01-26,13:20:00,5076.288,5076.288,5067.915,5069.395,0.2817
1769433900000,2026-01-26,13:25:00,5069.255,5075.705,5067.025,5071.285,0.2369
1769434200000,2026-01-26,13:30:00,5071.295,5072.775,5054.375,5063.065,0.3192
1769434500000,2026-01-26,13:35:00,5063.115,5065.345,5059.615,5064.455,0.2261
1769434800000,2026-01-26,13:40:00,5064.505,5072.355,5064.395,5070.925,0.2359
1769435100000,2026-01-26,13:45:00,5070.965,5073.485,5066.855,5072.145,0.2253
1769435400000,2026-01-26,13:50:00,5072.065,5075.915,5067.855,5074.185,0.2251
1769435700000,2026-01-26,13:55:00,5074.135,5074.135,5066.915,5068.395,0.235
1769436000000,2026-01-26,14:00:00,5068.515,5070.185,5058.125,5064.965,0.3003
1769436300000,2026-01-26,14:05:00,5064.935,5069.475,5064.825,5068.165,0.1952
1769436600000,2026-01-26,14:10:00,5068.185,5073.015,5067.925,5071.115,0.1679
1769436900000,2026-01-26,14:15:00,5071.145,5071.955,5063.545,5071.725,0.1779
1769437200000,2026-01-26,14:20:00,5071.825,5078.835,5071.025,5077.565,0.1892
1769437500000,2026-01-26,14:25:00,5077.505,5082.485,5073.895,5078.225,0.2135
1769437800000,2026-01-26,14:30:00,5078.195,5085.465,5074.515,5084.995,0.3671
1769438100000,2026-01-26,14:35:00,5084.965,5090.615,5081.225,5089.025,0.3926
1769438400000,2026-01-26,14:40:00,5089.005,5090.715,5079.365,5081.675,0.3447
1769438700000,2026-01-26,14:45:00,5081.845,5089.485,5080.315,5089.485,0.3092
1769439000000,2026-01-26,14:50:00,5089.425,5095.205,5084.375,5091.915,0.3042
1769439300000,2026-01-26,14:55:00,5092.355,5096.805,5090.545,5095.898,0.2777
1769439600000,2026-01-26,15:00:00,5095.898,5096.798,5085.375,5092.025,0.3007
1769439900000,2026-01-26,15:05:00,5091.995,5094.105,5089.495,5091.285,0.2835
1769440200000,2026-01-26,15:10:00,5091.315,5097.215,5089.325,5095.235,0.2826
1769440500000,2026-01-26,15:15:00,5095.215,5096.835,5088.745,5088.995,0.2692
1769440800000,2026-01-26,15:20:00,5089.015,5094.435,5084.065,5090.305,0.2675
1769441100000,2026-01-26,15:25:00,5090.385,5091.375,5085.765,5090.085,0.2795
1769441400000,2026-01-26,15:30:00,5090.105,5092.445,5077.185,5077.535,0.3054
1769441700000,2026-01-26,15:35:00,5077.495,5088.705,5074.725,5080.228,0.3205
1769442000000,2026-01-26,15:40:00,5080.545,5082.965,5073.845,5078.245,0.3142
1769442300000,2026-01-26,15:45:00,5078.055,5086.875,5077.545,5085.375,0.2627
1769442600000,2026-01-26,15:50:00,5085.345,5090.155,5083.295,5089.125,0.2324
1769442900000,2026-01-26,15:55:00,5089.105,5095.095,5089.105,5090.615,0.2381
1769443200000,2026-01-26,16:00:00,5090.655,5102.745,5089.445,5100.215,0.2882
1769443500000,2026-01-26,16:05:00,5100.298,5105.015,5098.985,5100.495,0.2715
1769443800000,2026-01-26,16:10:00,5100.205,5102.285,5096.115,5101.545,0.2703
1769444100000,2026-01-26,16:15:00,5101.515,5103.945,5095.175,5097.065,0.2728
1769444400000,2026-01-26,16:20:00,5097.135,5099.045,5089.735,5093.785,0.2589
1769444700000,2026-01-26,16:25:00,5093.805,5096.925,5070.105,5075.365,0.3246
1769445000000,2026-01-26,16:30:00,5075.355,5081.135,5069.395,5075.225,0.3783
1769445300000,2026-01-26,16:35:00,5074.835,5080.565,5065.025,5069.045,0.3303
1769445600000,2026-01-26,16:40:00,5068.885,5083.185,5067.945,5076.945,0.3111
1769445900000,2026-01-26,16:45:00,5076.885,5087.765,5076.435,5083.615,0.2636
1769446200000,2026-01-26,16:50:00,5083.595,5088.275,5083.015,5086.995,0.2283
1769446500000,2026-01-26,16:55:00,5086.915,5094.075,5086.595,5089.375,0.2586
1769446800000,2026-01-26,17:00:00,5089.375,5095.065,5088.275,5095.035,0.2491
1769447100000,2026-01-26,17:05:00,5095.045,5097.315,5090.315,5091.515,0.2367
1769447400000,2026-01-26,17:10:00,5091.545,5095.355,5085.455,5094.165,0.2497
1769447700000,2026-01-26,17:15:00,5094.135,5095.245,5090.915,5092.245,0.2794
1769448000000,2026-01-26,17:20:00,5092.275,5093.615,5082.498,5083.375,0.3053
1769448300000,2026-01-26,17:25:00,5083.405,5090.695,5080.205,5088.215,0.2449
1769448600000,2026-01-26,17:30:00,5088.195,5093.055,5082.045,5092.815,0.2567
1769448900000,2026-01-26,17:35:00,5092.795,5093.275,5088.495,5090.805,0.2251
1769449200000,2026-01-26,17:40:00,5090.855,5102.285,5090.475,5102.085,0.2316
1769449500000,2026-01-26,17:45:00,5102.055,5104.858,5098.405,5100.705,0.292
1769449800000,2026-01-26,17:50:00,5100.845,5103.115,5098.395,5099.625,0.2851
1769450100000,2026-01-26,17:55:00,5099.595,5102.385,5097.065,5100.805,0.2368
1769450400000,2026-01-26,18:00:00,5100.855,5103.105,5097.755,5100.485,0.2718
1769450700000,2026-01-26,18:05:00,5100.505,5100.875,5086.125,5086.405,0.3326
1769451000000,2026-01-26,18:10:00,5086.495,5088.055,5076.225,5078.285,0.3627
1769451300000,2026-01-26,18:15:00,5078.215,5089.445,5076.435,5086.775,0.373
1769451600000,2026-01-26,18:20:00,5086.715,5090.555,5082.435,5089.545,0.3585
1769451900000,2026-01-26,18:25:00,5089.565,5090.425,5083.665,5084.985,0.3886
1769452200000,2026-01-26,18:30:00,5084.875,5085.215,5071.085,5073.545,0.4029
1769452500000,2026-01-26,18:35:00,5073.485,5077.805,5067.415,5068.245,0.4378
1769452800000,2026-01-26,18:40:00,5068.185,5069.175,5057.425,5064.065,0.4094
1769453100000,2026-01-26,18:45:00,5064.035,5078.365,5063.565,5078.365,0.3636
1769453400000,2026-01-26,18:50:00,5078.355,5082.925,5075.075,5079.995,0.3921
1769453700000,2026-01-26,18:55:00,5079.985,5080.265,5068.175,5068.685,0.4
1769454000000,2026-01-26,19:00:00,5068.665,5069.555,5035.755,5045.655,0.5072
1769454300000,2026-01-26,19:05:00,5045.655,5062.325,5044.475,5057.155,0.592
1769454600000,2026-01-26,19:10:00,5056.885,5062.755,5050.845,5060.085,0.3672
1769454900000,2026-01-26,19:15:00,5059.785,5061.175,5038.135,5040.155,0.399
1769455200000,2026-01-26,19:20:00,5040.125,5044.185,5020.135,5021.435,0.4577
1769455500000,2026-01-26,19:25:00,5021.725,5036.455,5020.725,5027.145,0.481
1769455800000,2026-01-26,19:30:00,5027.165,5043.565,5024.455,5041.555,0.4429
1769456100000,2026-01-26,19:35:00,5041.535,5043.055,5030.255,5037.655,0.3713
1769456400000,2026-01-26,19:40:00,5037.635,5037.635,5026.505,5034.055,0.3653
1769456700000,2026-01-26,19:45:00,5033.885,5037.415,5008.018,5017.815,0.5444
1769457000000,2026-01-26,19:50:00,5017.815,5024.725,5010.325,5016.715,0.4278
1769457300000,2026-01-26,19:55:00,5016.665,5031.105,5016.665,5028.225,0.4002
1769457600000,2026-01-26,20:00:00,5028.265,5041.575,5026.085,5041.185,0.4664
1769457900000,2026-01-26,20:05:00,5041.215,5045.145,5034.955,5041.875,0.4925
1769458200000,2026-01-26,20:10:00,5041.685,5053.745,5036.765,5049.725,0.4228
1769458500000,2026-01-26,20:15:00,5049.725,5051.985,5040.415,5048.685,0.4135
1769458800000,2026-01-26,20:20:00,5048.685,5051.445,5041.315,5050.405,0.4113
1769459100000,2026-01-26,20:25:00,5050.405,5056.525,5046.625,5055.925,0.3185
1769459400000,2026-01-26,20:30:00,5056.275,5062.055,5053.995,5054.979,0.5342
1769459700000,2026-01-26,20:35:00,5055.019,5055.955,5035.305,5040.965,0.5461
1769460000000,2026-01-26,20:40:00,5040.925,5049.125,5040.395,5046.435,0.3
1769460300000,2026-01-26,20:45:00,5046.395,5051.645,5042.769,5047.575,0.3112
1769460600000,2026-01-26,20:50:00,5047.415,5059.595,5046.735,5055.745,0.3161
1769460900000,2026-01-26,20:55:00,5055.815,5060.395,5053.535,5055.095,0.3913
1769461200000,2026-01-26,21:00:00,5055.105,5058.799,5051.355,5058.475,0.202
1769461500000,2026-01-26,21:05:00,5058.475,5058.769,5043.895,5045.749,0.2877
1769461800000,2026-01-26,21:10:00,5045.635,5048.985,5033.495,5033.495,0.3016
1769462100000,2026-01-26,21:15:00,5033.405,5035.395,5021.915,5031.545,0.3414
1769462400000,2026-01-26,21:20:00,5031.535,5031.695,5010.785,5020.175,0.382
1769462700000,2026-01-26,21:25:00,5020.225,5026.565,5018.568,5020.149,0.31
1769463000000,2026-01-26,21:30:00,5020.199,5020.645,5005.029,5010.405,0.3948
1769463300000,2026-01-26,21:35:00,5010.475,5010.965,4989.805,5000.798,0.3921
1769463600000,2026-01-26,21:40:00,5000.798,5015.645,4998.975,5004.665,0.3879
1769463900000,2026-01-26,21:45:00,5004.175,5016.575,5003.685,5014.415,0.3011
1769464200000,2026-01-26,21:50:00,5014.485,5015.765,5006.285,5011.555,0.2672
1769464500000,2026-01-26,21:55:00,5011.555,5011.555,5005.919,5009.535,0.258
1769468400000,2026-01-26,23:00:00,5011.698,5034.989,5010.918,5033.948,0.2466
1769468700000,2026-01-26,23:05:00,5033.079,5037.248,5026.478,5036.548,0.1595
1769469000000,2026-01-26,23:10:00,5036.548,5040.095,5029.585,5039.635,0.15
1769469300000,2026-01-26,23:15:00,5039.535,5048.605,5037.115,5046.665,0.1536
1769469600000,2026-01-26,23:20:00,5046.595,5049.485,5044.165,5045.265,0.1593
1769469900000,2026-01-26,23:25:00,5045.285,5045.795,5041.648,5044.635,0.1359
1769470200000,2026-01-26,23:30:00,5044.705,5046.615,5040.055,5043.395,0.1357
1769470500000,2026-01-26,23:35:00,5043.375,5052.405,5043.215,5052.155,0.0894
1769470800000,2026-01-26,23:40:00,5052.045,5057.565,5050.305,5056.425,0.1299
1769471100000,2026-01-26,23:45:00,5056.285,5061.195,5055.948,5056.148,0.1466
1769471400000,2026-01-26,23:50:00,5055.998,5056.058,5047.955,5048.965,0.199
1769471700000,2026-01-26,23:55:00,5048.925,5051.205,5042.935,5043.195,0.1142
1769472000000,2026-01-27,00:00:00,5043.225,5049.048,5038.235,5047.825,0.1444
1769472300000,2026-01-27,00:05:00,5047.835,5053.235,5047.035,5047.395,0.1221
1769472600000,2026-01-27,00:10:00,5047.365,5052.765,5046.775,5052.155,0.0686
1769472900000,2026-01-27,00:15:00,5052.205,5053.765,5049.905,5051.175,0.0712
1769473200000,2026-01-27,00:20:00,5051.125,5051.195,5046.065,5046.855,0.1066
1769473500000,2026-01-27,00:25:00,5046.925,5050.085,5044.275,5044.755,0.074
1769473800000,2026-01-27,00:30:00,5044.765,5049.505,5043.895,5045.615,0.0931
1769474100000,2026-01-27,00:35:00,5045.615,5046.005,5038.805,5040.365,0.1489
1769474400000,2026-01-27,00:40:00,5040.335,5042.265,5028.255,5031.465,0.1984
1769474700000,2026-01-27,00:45:00,5031.475,5032.545,5021.885,5023.335,0.2268
1769475000000,2026-01-27,00:50:00,5023.335,5024.225,5013.595,5022.885,0.2549
1769475300000,2026-01-27,00:55:00,5022.905,5035.415,5022.905,5032.645,0.2458
1769475600000,2026-01-27,01:00:00,5032.665,5034.485,5018.248,5033.785,0.4304
1769475900000,2026-01-27,01:05:00,5033.805,5051.605,5033.359,5048.295,0.4023
1769476200000,2026-01-27,01:10:00,5048.235,5071.275,5048.235,5071.275,0.3454
1769476500000,2026-01-27,01:15:00,5071.275,5075.635,5062.635,5064.165,0.3363
1769476800000,2026-01-27,01:20:00,5064.185,5070.585,5062.815,5068.335,0.3016
1769477100000,2026-01-27,01:25:00,5068.325,5069.405,5063.625,5066.375,0.2561
1769477400000,2026-01-27,01:30:00,5066.445,5070.115,5060.225,5062.875,0.2616
1769477700000,2026-01-27,01:35:00,5062.815,5069.565,5058.295,5060.065,0.2574
1769478000000,2026-01-27,01:40:00,5060.045,5063.885,5053.915,5063.565,0.3762
1769478300000,2026-01-27,01:45:00,5063.495,5064.215,5056.775,5062.075,0.2646
1769478600000,2026-01-27,01:50:00,5062.135,5066.655,5061.595,5064.845,0.2295
1769478900000,2026-01-27,01:55:00,5065.235,5065.535,5058.125,5059.815,0.2059
1769479200000,2026-01-27,02:00:00,5059.935,5060.725,5049.415,5058.005,0.297
1769479500000,2026-01-27,02:05:00,5057.965,5066.325,5057.415,5065.165,0.2133
1769479800000,2026-01-27,02:10:00,5065.205,5067.335,5061.025,5063.685,0.1782
1769480100000,2026-01-27,02:15:00,5063.625,5070.105,5062.395,5063.395,0.291
1769480400000,2026-01-27,02:20:00,5063.355,5068.355,5060.015,5067.925,0.1784
1769480700000,2026-01-27,02:25:00,5067.945,5069.375,5064.215,5067.835,0.1288
1769481000000,2026-01-27,02:30:00,5067.865,5073.465,5067.045,5070.345,0.1902
1769481300000,2026-01-27,02:35:00,5070.275,5075.595,5067.405,5074.195,0.1827
1769481600000,2026-01-27,02:40:00,5073.935,5079.575,5073.475,5078.845,0.1789
1769481900000,2026-01-27,02:45:00,5078.505,5079.475,5074.155,5077.045,0.2009
1769482200000,2026-01-27,02:50:00,5077.005,5078.125,5065.195,5065.815,0.2313
1769482500000,2026-01-27,02:55:00,5065.765,5073.445,5065.545,5072.315,0.1732
1769482800000,2026-01-27,03:00:00,5072.345,5073.675,5065.845,5065.995,0.1991
1769483100000,2026-01-27,03:05:00,5066.145,5070.945,5063.435,5070.045,0.1951
1769483400000,2026-01-27,03:10:00,5070.015,5070.155,5064.325,5065.725,0.166
1769483700000,2026-01-27,03:15:00,5065.775,5069.285,5060.005,5067.455,0.2107
1769484000000,2026-01-27,03:20:00,5067.495,5072.685,5067.495,5070.615,0.1579
1769484300000,2026-01-27,03:25:00,5070.635,5071.895,5063.645,5064.565,0.2168
1769484600000,2026-01-27,03:30:00,5064.395,5070.015,5063.975,5067.195,0.173
1769484900000,2026-01-27,03:35:00,5067.175,5074.335,5065.845,5073.715,0.161
1769485200000,2026-01-27,03:40:00,5073.765,5076.215,5073.375,5074.575,0.1346
1769485500000,2026-01-27,03:45:00,5074.595,5076.335,5073.235,5076.055,0.1168
1769485800000,2026-01-27,03:50:00,5076.085,5076.465,5071.555,5074.315,0.1929
1769486100000,2026-01-27,03:55:00,5074.395,5078.985,5071.685,5076.815,0.172
1769486400000,2026-01-27,04:00:00,5076.785,5078.575,5075.515,5075.975,0.1062
1769486700000,2026-01-27,04:05:00,5076.015,5076.885,5072.265,5072.375,0.13
1769487000000,2026-01-27,04:10:00,5072.375,5074.105,5068.395,5069.285,0.1402
1769487300000,2026-01-27,04:15:00,5069.225,5075.925,5069.225,5074.035,0.1711
1769487600000,2026-01-27,04:20:00,5074.045,5075.005,5073.055,5074.415,0.1695
1769487900000,2026-01-27,04:25:00,5074.195,5075.675,5071.795,5074.645,0.1303
1769488200000,2026-01-27,04:30:00,5074.545,5075.105,5072.015,5072.085,0.1004
1769488500000,2026-01-27,04:35:00,5072.065,5072.065,5067.105,5067.855,0.188
1769488800000,2026-01-27,04:40:00,5068.025,5068.605,5061.325,5066.425,0.2376
1769489100000,2026-01-27,04:45:00,5066.455,5067.075,5062.179,5065.085,0.1798
1769489400000,2026-01-27,04:50:00,5065.105,5067.465,5062.145,5067.165,0.1613
1769489700000,2026-01-27,04:55:00,5067.145,5070.925,5065.885,5067.565,0.1415
1769490000000,2026-01-27,05:00:00,5067.505,5068.445,5060.205,5061.495,0.1824
1769490300000,2026-01-27,05:05:00,5061.515,5063.285,5057.925,5060.075,0.1632
1769490600000,2026-01-27,05:10:00,5060.185,5063.425,5057.005,5063.385,0.1946
1769490900000,2026-01-27,05:15:00,5063.555,5064.255,5057.775,5060.015,0.173
1769491200000,2026-01-27,05:20:00,5059.975,5066.295,5058.199,5065.865,0.1875
1769491500000,2026-01-27,05:25:00,5065.915,5066.685,5063.055,5064.155,0.1287
1769491800000,2026-01-27,05:30:00,5064.135,5072.545,5059.815,5072.215,0.2613
1769492100000,2026-01-27,05:35:00,5072.245,5072.595,5069.175,5070.365,0.1726
1769492400000,2026-01-27,05:40:00,5070.475,5074.655,5068.785,5074.425,0.2392
1769492700000,2026-01-27,05:45:00,5074.455,5082.145,5074.455,5079.825,0.2019
1769493000000,2026-01-27,05:50:00,5079.865,5085.115,5077.955,5078.785,0.199
1769493300000,2026-01-27,05:55:00,5078.825,5083.785,5078.345,5082.825,0.1817
1769493600000,2026-01-27,06:00:00,5082.855,5086.765,5082.395,5083.575,0.138
1769493900000,2026-01-27,06:05:00,5083.675,5085.915,5079.705,5082.025,0.2231
1769494200000,2026-01-27,06:10:00,5081.975,5084.055,5076.525,5083.315,0.2066
1769494500000,2026-01-27,06:15:00,5083.235,5083.395,5080.265,5081.075,0.1247
1769494800000,2026-01-27,06:20:00,5081.055,5087.205,5079.435,5087.005,0.1646
1769495100000,2026-01-27,06:25:00,5087.015,5087.255,5081.975,5082.015,0.1598
1769495400000,2026-01-27,06:30:00,5082.075,5084.135,5078.615,5082.105,0.1775
1769495700000,2026-01-27,06:35:00,5082.075,5084.815,5080.545,5083.045,0.1443
1769496000000,2026-01-27,06:40:00,5083.065,5088.295,5083.065,5085.645,0.1528
1769496300000,2026-01-27,06:45:00,5085.695,5093.265,5085.165,5089.185,0.2367
1769496600000,2026-01-27,06:50:00,5089.185,5093.825,5088.635,5088.855,0.2039
1769496900000,2026-01-27,06:55:00,5088.425,5088.425,5081.645,5085.575,0.2404
1769497200000,2026-01-27,07:00:00,5085.585,5087.545,5082.335,5085.715,0.2292
1769497500000,2026-01-27,07:05:00,5085.615,5094.395,5084.835,5093.225,0.1963
1769497800000,2026-01-27,07:10:00,5093.215,5093.355,5084.885,5085.315,0.282
1769498100000,2026-01-27,07:15:00,5085.295,5090.395,5084.245,5085.805,0.2027
1769498400000,2026-01-27,07:20:00,5085.835,5090.125,5084.809,5087.095,0.243
1769498700000,2026-01-27,07:25:00,5087.055,5089.375,5081.095,5087.695,0.1916
1769499000000,2026-01-27,07:30:00,5087.655,5097.425,5087.655,5096.035,0.2145
1769499300000,2026-01-27,07:35:00,5096.015,5099.505,5090.419,5095.985,0.3372
1769499600000,2026-01-27,07:40:00,5095.905,5100.585,5092.115,5092.855,0.2485
1769499900000,2026-01-27,07:45:00,5092.805,5096.285,5090.105,5091.685,0.2077
1769500200000,2026-01-27,07:50:00,5091.525,5092.645,5089.135,5090.545,0.1679
1769500500000,2026-01-27,07:55:00,5090.525,5091.795,5085.725,5085.725,0.1794
1769500800000,2026-01-27,08:00:00,5085.725,5087.985,5082.368,5085.785,0.24
1769501100000,2026-01-27,08:05:00,5085.805,5086.255,5079.025,5083.785,0.2149
1769501400000,2026-01-27,08:10:00,5083.785,5086.525,5080.925,5086.525,0.1655
1769501700000,2026-01-27,08:15:00,5086.495,5087.365,5083.145,5086.165,0.171
1769502000000,2026-01-27,08:20:00,5086.225,5086.635,5082.125,5083.615,0.1681
1769502300000,2026-01-27,08:25:00,5083.615,5083.635,5075.105,5077.385,0.2517
1769502600000,2026-01-27,08:30:00,5077.455,5079.195,5073.075,5076.105,0.238
1769502900000,2026-01-27,08:35:00,5076.025,5082.155,5074.735,5078.835,0.2253
1769503200000,2026-01-27,08:40:00,5078.875,5082.625,5077.075,5082.215,0.1925
1769503500000,2026-01-27,08:45:00,5082.255,5085.355,5081.088,5083.585,0.1502
1769503800000,2026-01-27,08:50:00,5083.605,5083.795,5077.405,5080.305,0.1066
1769504100000,2026-01-27,08:55:00,5080.765,5083.585,5079.145,5079.335,0.1198
1769504400000,2026-01-27,09:00:00,5079.315,5081.415,5077.558,5080.905,0.1549
1769504700000,2026-01-27,09:05:00,5080.855,5083.055,5079.165,5081.955,0.1443
1769505000000,2026-01-27,09:10:00,5081.955,5083.995,5081.265,5083.125,0.1194
1769505300000,2026-01-27,09:15:00,5083.145,5086.515,5082.205,5085.955,0.128
1769505600000,2026-01-27,09:20:00,5085.995,5087.475,5084.625,5084.705,0.1126
1769505900000,2026-01-27,09:25:00,5084.675,5088.425,5084.675,5088.215,0.1303
1769506200000,2026-01-27,09:30:00,5088.275,5090.145,5085.915,5089.435,0.0999
1769506500000,2026-01-27,09:35:00,5089.415,5094.175,5088.875,5092.755,0.1408
1769506800000,2026-01-27,09:40:00,5092.705,5092.895,5087.625,5087.625,0.172
1769507100000,2026-01-27,09:45:00,5087.558,5089.255,5082.555,5088.025,0.1662
1769507400000,2026-01-27,09:50:00,5088.015,5097.365,5088.015,5095.255,0.2466
1769507700000,2026-01-27,09:55:00,5095.335,5099.345,5092.205,5098.595,0.1575
1769508000000,2026-01-27,10:00:00,5098.195,5098.425,5093.895,5093.975,0.1881
1769508300000,2026-01-27,10:05:00,5093.955,5094.905,5091.218,5093.735,0.1462
1769508600000,2026-01-27,10:10:00,5093.765,5097.715,5090.838,5096.335,0.1226
1769508900000,2026-01-27,10:15:00,5096.415,5097.895,5092.925,5093.785,0.113
1769509200000,2026-01-27,10:20:00,5093.765,5093.805,5088.175,5089.635,0.1102
1769509500000,2026-01-27,10:25:00,5089.605,5090.735,5087.475,5088.045,0.1101
1769509800000,2026-01-27,10:30:00,5087.798,5088.125,5081.835,5083.935,0.1543
1769510100000,2026-01-27,10:35:00,5083.895,5088.755,5083.475,5088.285,0.1265
1769510400000,2026-01-27,10:40:00,5087.735,5089.095,5084.445,5084.445,0.1313
1769510700000,2026-01-27,10:45:00,5084.695,5085.675,5081.745,5084.025,0.1215
1769511000000,2026-01-27,10:50:00,5083.945,5084.875,5082.625,5083.295,0.0978
1769511300000,2026-01-27,10:55:00,5083.265,5087.005,5082.715,5086.195,0.0835
1769511600000,2026-01-27,11:00:00,5086.225,5088.025,5083.555,5086.355,0.1304
1769511900000,2026-01-27,11:05:00,5086.325,5088.985,5084.875,5088.395,0.1087
1769512200000,2026-01-27,11:10:00,5088.365,5090.035,5085.555,5090.025,0.1366
1769512500000,2026-01-27,11:15:00,5089.985,5090.585,5085.575,5085.795,0.1072
1769512800000,2026-01-27,11:20:00,5085.775,5087.365,5084.705,5085.745,0.0947
1769513100000,2026-01-27,11:25:00,5085.765,5087.365,5085.545,5086.695,0.0992
1769513400000,2026-01-27,11:30:00,5086.735,5088.045,5083.155,5085.535,0.1193
1769513700000,2026-01-27,11:35:00,5085.505,5088.135,5085.265,5087.045,0.0755
1769514000000,2026-01-27,11:40:00,5087.015,5087.175,5084.915,5085.645,0.0905
1769514300000,2026-01-27,11:45:00,5085.425,5085.715,5074.355,5075.315,0.1557
1769514600000,2026-01-27,11:50:00,5075.385,5077.165,5066.808,5072.035,0.2523
1769514900000,2026-01-27,11:55:00,5072.065,5079.305,5071.175,5076.705,0.1808
1769515200000,2026-01-27,12:00:00,5076.755,5080.425,5075.215,5076.425,0.1706
1769515500000,2026-01-27,12:05:00,5076.415,5082.615,5076.415,5079.855,0.1541
1769515800000,2026-01-27,12:10:00,5080.405,5081.455,5078.015,5080.885,0.1422
1769516100000,2026-01-27,12:15:00,5080.845,5081.035,5076.565,5076.955,0.1598
1769516400000,2026-01-27,12:20:00,5076.855,5078.445,5073.395,5076.135,0.1706
1769516700000,2026-01-27,12:25:00,5076.095,5079.375,5074.298,5078.815,0.1966
1769517000000,2026-01-27,12:30:00,5078.705,5088.485,5077.995,5087.145,0.1641
1769517300000,2026-01-27,12:35:00,5087.055,5089.625,5085.675,5085.885,0.162
1769517600000,2026-01-27,12:40:00,5086.335,5090.145,5085.635,5089.065,0.1436
1769517900000,2026-01-27,12:45:00,5089.095,5091.015,5084.765,5084.905,0.172
1769518200000,2026-01-27,12:50:00,5084.895,5087.585,5083.145,5083.355,0.1655
1769518500000,2026-01-27,12:55:00,5083.405,5086.055,5081.105,5084.825,0.1775
1769518800000,2026-01-27,13:00:00,5084.835,5091.955,5084.339,5088.445,0.3317
1769519100000,2026-01-27,13:05:00,5088.405,5088.515,5082.505,5082.975,0.2636
1769519400000,2026-01-27,13:10:00,5082.515,5091.775,5078.045,5089.945,0.229
1769519700000,2026-01-27,13:15:00,5089.825,5092.695,5085.795,5088.208,0.2152
1769520000000,2026-01-27,13:20:00,5088.275,5089.265,5083.875,5085.725,0.2575
1769520300000,2026-01-27,13:25:00,5085.675,5085.905,5076.035,5080.725,0.2785
1769520600000,2026-01-27,13:30:00,5080.755,5085.785,5074.785,5076.395,0.2444
1769520900000,2026-01-27,13:35:00,5076.505,5080.185,5073.695,5079.015,0.2539
1769521200000,2026-01-27,13:40:00,5079.065,5079.065,5069.435,5073.275,0.2877
1769521500000,2026-01-27,13:45:00,5073.245,5078.385,5072.365,5075.075,0.2443
1769521800000,2026-01-27,13:50:00,5075.235,5081.945,5071.295,5080.695,0.2589
1769522100000,2026-01-27,13:55:00,5080.665,5080.855,5076.865,5077.055,0.1946
1769522400000,2026-01-27,14:00:00,5077.055,5077.055,5067.455,5067.645,0.2928
1769522700000,2026-01-27,14:05:00,5067.625,5070.705,5058.625,5069.475,0.3011
1769523000000,2026-01-27,14:10:00,5069.495,5071.715,5055.135,5059.815,0.3481
1769523300000,2026-01-27,14:15:00,5059.735,5063.405,5046.465,5054.615,0.4166
1769523600000,2026-01-27,14:20:00,5054.745,5063.425,5052.365,5059.735,0.4547
1769523900000,2026-01-27,14:25:00,5060.095,5065.845,5059.085,5059.235,0.3528
1769524200000,2026-01-27,14:30:00,5059.275,5072.425,5059.225,5066.565,0.3737
1769524500000,2026-01-27,14:35:00,5066.655,5077.005,5063.195,5067.885,0.4325
1769524800000,2026-01-27,14:40:00,5067.945,5081.975,5066.455,5079.155,0.3694
1769525100000,2026-01-27,14:45:00,5079.125,5079.215,5061.775,5064.695,0.3625
1769525400000,2026-01-27,14:50:00,5064.585,5067.125,5056.745,5063.225,0.3786
1769525700000,2026-01-27,14:55:00,5063.185,5063.215,5050.675,5052.555,0.3855
1769526000000,2026-01-27,15:00:00,5052.048,5068.635,5047.485,5062.588,0.3808
1769526300000,2026-01-27,15:05:00,5062.678,5069.335,5060.088,5063.735,0.4903
1769526600000,2026-01-27,15:10:00,5063.705,5069.965,5051.015,5057.435,0.4566
1769526900000,2026-01-27,15:15:00,5057.365,5074.055,5055.825,5070.845,0.4404
1769527200000,2026-01-27,15:20:00,5070.965,5075.765,5067.845,5075.465,0.3619
1769527500000,2026-01-27,15:25:00,5075.525,5076.955,5067.348,5068.925,0.3492
1769527800000,2026-01-27,15:30:00,5068.975,5079.735,5068.515,5077.665,0.3222
1769528100000,2026-01-27,15:35:00,5077.725,5086.885,5077.085,5083.035,0.3009
1769528400000,2026-01-27,15:40:00,5083.055,5083.055,5078.555,5080.385,0.2721
1769528700000,2026-01-27,15:45:00,5080.455,5086.725,5079.785,5085.615,0.2651
1769529000000,2026-01-27,15:50:00,5085.605,5087.395,5083.275,5084.175,0.2734
1769529300000,2026-01-27,15:55:00,5084.205,5091.075,5081.845,5090.775,0.2828
1769529600000,2026-01-27,16:00:00,5090.575,5091.655,5084.935,5085.565,0.2677
1769529900000,2026-01-27,16:05:00,5085.615,5092.205,5083.605,5090.525,0.2317
1769530200000,2026-01-27,16:10:00,5090.565,5098.448,5090.455,5094.945,0.285
1769530500000,2026-01-27,16:15:00,5094.815,5100.785,5093.668,5099.895,0.2661
1769530800000,2026-01-27,16:20:00,5099.925,5103.075,5093.455,5093.785,0.2911
1769531100000,2026-01-27,16:25:00,5093.785,5099.285,5093.785,5098.375,0.2564
1769531400000,2026-01-27,16:30:00,5098.345,5099.185,5091.018,5092.395,0.351
1769531700000,2026-01-27,16:35:00,5092.435,5094.275,5089.288,5091.705,0.2724
1769532000000,2026-01-27,16:40:00,5091.675,5098.055,5086.048,5088.325,0.2749
1769532300000,2026-01-27,16:45:00,5088.255,5090.575,5086.245,5088.615,0.2962
1769532600000,2026-01-27,16:50:00,5088.635,5091.745,5087.115,5089.195,0.2138
1769532900000,2026-01-27,16:55:00,5088.945,5089.495,5083.065,5087.295,0.2532
1769533200000,2026-01-27,17:00:00,5087.265,5088.535,5083.168,5083.565,0.2597
1769533500000,2026-01-27,17:05:00,5083.595,5086.745,5080.085,5086.645,0.2623
1769533800000,2026-01-27,17:10:00,5086.605,5091.735,5084.785,5091.195,0.2512
1769534100000,2026-01-27,17:15:00,5091.205,5093.845,5078.835,5082.665,0.3099
1769534400000,2026-01-27,17:20:00,5082.715,5086.545,5081.405,5084.295,0.2346
1769534700000,2026-01-27,17:25:00,5084.255,5088.128,5083.435,5087.165,0.2182
1769535000000,2026-01-27,17:30:00,5087.851,5089.535,5084.615,5086.395,0.26
1769535300000,2026-01-27,17:35:00,5086.425,5087.775,5080.745,5084.245,0.2878
1769535600000,2026-01-27,17:40:00,5084.205,5084.785,5078.375,5081.575,0.282
1769535900000,2026-01-27,17:45:00,5081.205,5085.125,5076.565,5078.465,0.2805
1769536200000,2026-01-27,17:50:00,5078.405,5084.755,5076.578,5081.925,0.2515
1769536500000,2026-01-27,17:55:00,5081.975,5085.485,5080.245,5081.005,0.2191
1769536800000,2026-01-27,18:00:00,5081.035,5087.065,5081.035,5082.295,0.2048
1769537100000,2026-01-27,18:05:00,5082.265,5082.265,5076.135,5081.415,0.2468
1769537400000,2026-01-27,18:10:00,5081.485,5084.935,5079.605,5081.475,0.2364
1769537700000,2026-01-27,18:15:00,5081.795,5086.925,5080.935,5083.585,0.2257
1769538000000,2026-01-27,18:20:00,5083.525,5085.575,5079.645,5080.895,0.3114
1769538300000,2026-01-27,18:25:00,5081.005,5088.705,5078.615,5084.765,0.2717
1769538600000,2026-01-27,18:30:00,5084.855,5091.785,5084.245,5088.435,0.2353
1769538900000,2026-01-27,18:35:00,5088.465,5091.785,5088.195,5089.725,0.1796
1769539200000,2026-01-27,18:40:00,5089.785,5089.875,5085.845,5088.185,0.1684
1769539500000,2026-01-27,18:45:00,5088.215,5092.255,5087.705,5092.165,0.1786
1769539800000,2026-01-27,18:50:00,5092.195,5095.135,5092.195,5092.205,0.2116
1769540100000,2026-01-27,18:55:00,5092.185,5095.415,5087.215,5087.855,0.2139
1769540400000,2026-01-27,19:00:00,5087.875,5087.875,5082.805,5086.515,0.1906
1769540700000,2026-01-27,19:05:00,5086.545,5087.145,5080.875,5085.415,0.1991
1769541000000,2026-01-27,19:10:00,5085.315,5088.865,5082.138,5086.875,0.1711
1769541300000,2026-01-27,19:15:00,5086.845,5088.285,5085.375,5087.775,0.152
1769541600000,2026-01-27,19:20:00,5087.725,5090.375,5086.945,5089.965,0.154
1769541900000,2026-01-27,19:25:00,5090.025,5090.605,5086.035,5087.605,0.1502
1769542200000,2026-01-27,19:30:00,5087.685,5091.055,5087.385,5089.445,0.1347
1769542500000,2026-01-27,19:35:00,5089.405,5091.075,5088.375,5090.055,0.1134
1769542800000,2026-01-27,19:40:00,5090.035,5093.135,5089.658,5092.875,0.1252
1769543100000,2026-01-27,19:45:00,5092.915,5093.115,5090.745,5090.918,0.1473
1769543400000,2026-01-27,19:50:00,5090.918,5094.455,5090.355,5094.225,0.1596
1769543700000,2026-01-27,19:55:00,5094.245,5099.875,5094.108,5098.745,0.2005
1769544000000,2026-01-27,20:00:00,5098.715,5120.235,5097.745,5118.705,0.3037
1769544300000,2026-01-27,20:05:00,5118.698,5126.698,5114.598,5125.298,0.614
1769544600000,2026-01-27,20:10:00,5125.298,5143.155,5123.258,5141.675,0.4303
1769544900000,2026-01-27,20:15:00,5141.435,5142.055,5131.815,5140.025,0.3891
1769545200000,2026-01-27,20:20:00,5139.925,5151.425,5135.698,5137.665,0.4277
1769545500000,2026-01-27,20:25:00,5137.655,5144.495,5133.195,5141.495,0.3531
1769545800000,2026-01-27,20:30:00,5141.465,5148.925,5132.535,5143.385,0.3842
1769546100000,2026-01-27,20:35:00,5143.305,5147.475,5139.828,5143.555,0.3038
1769546400000,2026-01-27,20:40:00,5143.625,5148.555,5136.065,5142.095,0.3767
1769546700000,2026-01-27,20:45:00,5141.898,5168.598,5141.875,5160.435,0.5101
1769547000000,2026-01-27,20:50:00,5160.455,5176.845,5152.655,5176.475,0.4615
1769547300000,2026-01-27,20:55:00,5176.398,5182.195,5167.645,5176.548,0.4667
1769547600000,2026-01-27,21:00:00,5176.748,5187.815,5170.675,5177.548,0.3363
1769547900000,2026-01-27,21:05:00,5177.558,5184.905,5173.675,5180.615,0.3041
1769548200000,2026-01-27,21:10:00,5180.495,5186.305,5172.495,5176.085,0.2419
1769548500000,2026-01-27,21:15:00,5175.938,5180.125,5174.015,5176.925,0.1918
1769548800000,2026-01-27,21:20:00,5176.965,5178.928,5172.005,5173.585,0.1861
1769549100000,2026-01-27,21:25:00,5173.595,5177.815,5168.845,5173.555,0.1702
1769549400000,2026-01-27,21:30:00,5173.188,5175.755,5171.225,5175.035,0.117
1769549700000,2026-01-27,21:35:00,5175.015,5182.075,5174.335,5181.625,0.1282
1769550000000,2026-01-27,21:40:00,5181.465,5186.555,5179.155,5185.075,0.177
1769550300000,2026-01-27,21:45:00,5185.055,5190.235,5179.975,5188.985,0.1691
1769550600000,2026-01-27,21:50:00,5189.035,5189.035,5174.565,5176.235,0.1785
1769550900000,2026-01-27,21:55:00,5176.295,5182.815,5174.465,5178.675,0.1739
1769554800000,2026-01-27,23:00:00,5178.725,5183.345,5166.915,5181.348,0.0896
1769555100000,2026-01-27,23:05:00,5181.348,5183.998,5174.915,5178.718,0.1336
1769555400000,2026-01-27,23:10:00,5178.948,5179.358,5166.865,5170.395,0.2001
1769555700000,2026-01-27,23:15:00,5170.225,5171.485,5164.955,5166.125,0.1759
1769556000000,2026-01-27,23:20:00,5165.945,5168.305,5158.525,5162.625,0.1595
1769556300000,2026-01-27,23:25:00,5162.645,5173.025,5161.585,5170.025,0.1724
1769556600000,2026-01-27,23:30:00,5169.995,5171.695,5164.398,5165.548,0.1903
1769556900000,2026-01-27,23:35:00,5165.515,5166.975,5163.898,5165.365,0.1486
1769557200000,2026-01-27,23:40:00,5165.365,5169.305,5163.765,5164.115,0.1357
1769557500000,2026-01-27,23:45:00,5164.075,5171.795,5163.705,5170.555,0.1458
1769557800000,2026-01-27,23:50:00,5170.465,5174.565,5168.065,5173.105,0.1435
1769558100000,2026-01-27,23:55:00,5173.035,5176.725,5169.925,5171.895,0.1658
1769558400000,2026-01-28,00:00:00,5171.975,5172.615,5158.908,5159.565,0.2819
1769558700000,2026-01-28,00:05:00,5159.595,5168.085,5157.115,5167.045,0.1732
1769559000000,2026-01-28,00:10:00,5166.995,5167.235,5162.525,5165.575,0.134
1769559300000,2026-01-28,00:15:00,5165.615,5166.855,5161.425,5164.095,0.1461
1769559600000,2026-01-28,00:20:00,5164.045,5164.325,5160.305,5163.375,0.108
1769559900000,2026-01-28,00:25:00,5163.355,5163.355,5161.255,5162.995,0.0774
1769560200000,2026-01-28,00:30:00,5162.955,5166.435,5162.945,5166.135,0.1436
1769560500000,2026-01-28,00:35:00,5166.155,5170.485,5165.475,5169.265,0.1345
1769560800000,2026-01-28,00:40:00,5169.475,5169.475,5165.875,5168.105,0.1417
1769561100000,2026-01-28,00:45:00,5168.125,5172.555,5168.125,5170.505,0.1964
1769561400000,2026-01-28,00:50:00,5170.565,5178.095,5169.915,5177.605,0.1968
1769561700000,2026-01-28,00:55:00,5177.635,5179.925,5171.495,5171.865,0.1772
1769562000000,2026-01-28,01:00:00,5171.655,5187.178,5168.445,5186.005,0.397
1769562300000,2026-01-28,01:05:00,5186.045,5202.355,5181.735,5196.735,0.3568
1769562600000,2026-01-28,01:10:00,5196.795,5196.815,5174.875,5190.665,0.3732
1769562900000,2026-01-28,01:15:00,5190.665,5193.145,5183.055,5183.285,0.314
1769563200000,2026-01-28,01:20:00,5183.235,5191.675,5181.405,5190.245,0.2883
1769563500000,2026-01-28,01:25:00,5190.205,5196.035,5182.425,5193.725,0.3526
1769563800000,2026-01-28,01:30:00,5193.705,5195.525,5185.905,5187.215,0.4062
1769564100000,2026-01-28,01:35:00,5187.205,5201.455,5186.248,5198.795,0.3813
1769564400000,2026-01-28,01:40:00,5198.775,5215.395,5198.775,5215.365,0.3411
1769564700000,2026-01-28,01:45:00,5215.255,5223.765,5215.245,5220.435,0.4131
1769565000000,2026-01-28,01:50:00,5220.455,5224.985,5216.985,5219.375,0.3316
1769565300000,2026-01-28,01:55:00,5219.235,5220.005,5204.225,5204.265,0.3311
1769565600000,2026-01-28,02:00:00,5204.305,5217.085,5202.885,5207.545,0.3837
1769565900000,2026-01-28,02:05:00,5207.515,5213.755,5203.455,5211.895,0.2911
1769566200000,2026-01-28,02:10:00,5211.905,5213.285,5201.375,5209.765,0.3325
1769566500000,2026-01-28,02:15:00,5209.785,5213.125,5207.655,5212.565,0.1969
1769566800000,2026-01-28,02:20:00,5212.275,5216.695,5209.135,5215.875,0.1894
1769567100000,2026-01-28,02:25:00,5215.905,5220.465,5214.085,5217.945,0.1781
1769567400000,2026-01-28,02:30:00,5217.895,5229.485,5216.305,5224.095,0.3235
1769567700000,2026-01-28,02:35:00,5223.995,5226.335,5221.605,5221.685,0.2957
1769568000000,2026-01-28,02:40:00,5221.785,5226.875,5218.685,5221.175,0.2695
1769568300000,2026-01-28,02:45:00,5221.175,5229.455,5220.685,5228.025,0.2942
1769568600000,2026-01-28,02:50:00,5227.765,5234.405,5224.145,5234.365,0.2878
1769568900000,2026-01-28,02:55:00,5234.385,5234.415,5227.155,5231.815,0.2429
1769569200000,2026-01-28,03:00:00,5231.455,5237.085,5230.115,5236.435,0.2216
1769569500000,2026-01-28,03:05:00,5236.475,5246.495,5236.225,5244.755,0.2974
1769569800000,2026-01-28,03:10:00,5244.749,5247.475,5240.995,5243.385,0.2678
1769570100000,2026-01-28,03:15:00,5243.415,5246.205,5238.195,5240.288,0.2689
1769570400000,2026-01-28,03:20:00,5240.205,5244.525,5239.165,5239.985,0.2486
1769570700000,2026-01-28,03:25:00,5240.015,5242.855,5236.045,5236.895,0.253
1769571000000,2026-01-28,03:30:00,5236.905,5239.685,5235.315,5236.505,0.2363
1769571300000,2026-01-28,03:35:00,5236.695,5236.895,5228.425,5230.115,0.1813
1769571600000,2026-01-28,03:40:00,5230.275,5233.445,5224.265,5233.415,0.2473
1769571900000,2026-01-28,03:45:00,5233.395,5240.055,5231.725,5239.885,0.1996
1769572200000,2026-01-28,03:50:00,5239.935,5244.335,5237.385,5238.065,0.1961
1769572500000,2026-01-28,03:55:00,5238.115,5239.035,5230.505,5234.945,0.2067
1769572800000,2026-01-28,04:00:00,5234.845,5240.715,5233.715,5239.395,0.1581
1769573100000,2026-01-28,04:05:00,5239.305,5239.335,5235.088,5236.435,0.1381
1769573400000,2026-01-28,04:10:00,5236.865,5236.865,5232.685,5235.105,0.1355
1769573700000,2026-01-28,04:15:00,5235.155,5235.375,5232.105,5233.635,0.0979
1769574000000,2026-01-28,04:20:00,5233.505,5240.135,5233.398,5238.105,0.1205
1769574300000,2026-01-28,04:25:00,5238.125,5241.135,5236.825,5237.688,0.121
1769574600000,2026-01-28,04:30:00,5237.688,5240.038,5237.148,5237.288,0.3171
1769574900000,2026-01-28,04:35:00,5237.295,5239.255,5234.155,5239.135,0.1412
1769575200000,2026-01-28,04:40:00,5239.165,5241.335,5238.028,5239.725,0.1422
1769575500000,2026-01-28,04:45:00,5239.775,5240.205,5233.235,5239.585,0.1428
1769575800000,2026-01-28,04:50:00,5239.575,5243.615,5238.475,5242.935,0.1365
1769576100000,2026-01-28,04:55:00,5242.945,5248.755,5242.115,5245.385,0.1688
1769576400000,2026-01-28,05:00:00,5245.395,5248.645,5241.325,5247.815,0.1817
1769576700000,2026-01-28,05:05:00,5247.635,5253.815,5247.405,5253.675,0.1967
1769577000000,2026-01-28,05:10:00,5253.535,5257.265,5250.445,5253.725,0.2177
1769577300000,2026-01-28,05:15:00,5253.795,5257.565,5252.495,5257.505,0.1333
1769577600000,2026-01-28,05:20:00,5257.475,5260.615,5254.615,5256.755,0.1631
1769577900000,2026-01-28,05:25:00,5256.735,5261.825,5251.475,5258.985,0.178
1769578200000,2026-01-28,05:30:00,5258.465,5262.215,5250.865,5254.885,0.2577
1769578500000,2026-01-28,05:35:00,5254.835,5259.725,5253.965,5259.355,0.1755
1769578800000,2026-01-28,05:40:00,5259.375,5266.005,5258.755,5264.565,0.2102
1769579100000,2026-01-28,05:45:00,5264.565,5266.395,5260.575,5264.515,0.1701
1769579400000,2026-01-28,05:50:00,5264.585,5264.995,5257.505,5258.585,0.2897
1769579700000,2026-01-28,05:55:00,5258.565,5263.495,5257.085,5261.135,0.1483
1769580000000,2026-01-28,06:00:00,5261.185,5262.895,5257.335,5257.705,0.1741
1769580300000,2026-01-28,06:05:00,5257.625,5258.205,5251.938,5256.785,0.32
1769580600000,2026-01-28,06:10:00,5256.815,5261.665,5255.445,5261.495,0.133
1769580900000,2026-01-28,06:15:00,5261.475,5264.865,5258.785,5264.665,0.1159
1769581200000,2026-01-28,06:20:00,5264.635,5265.605,5259.185,5259.665,0.1878
1769581500000,2026-01-28,06:25:00,5259.215,5259.635,5251.695,5255.395,0.2498
1769581800000,2026-01-28,06:30:00,5255.525,5262.205,5254.875,5258.345,0.2303
1769582100000,2026-01-28,06:35:00,5258.285,5264.555,5257.595,5258.015,0.1853
1769582400000,2026-01-28,06:40:00,5258.168,5263.515,5257.505,5261.485,0.1763
1769582700000,2026-01-28,06:45:00,5261.515,5262.885,5256.825,5261.975,0.1965
1769583000000,2026-01-28,06:50:00,5261.955,5271.195,5261.455,5266.205,0.2391
1769583300000,2026-01-28,06:55:00,5266.195,5269.798,5262.678,5269.798,0.1949
1769583600000,2026-01-28,07:00:00,5269.635,5269.745,5262.765,5268.445,0.1902
1769583900000,2026-01-28,07:05:00,5268.605,5273.845,5265.075,5272.175,0.1669
1769584200000,2026-01-28,07:10:00,5272.175,5275.155,5269.965,5273.635,0.2409
1769584500000,2026-01-28,07:15:00,5273.445,5281.645,5272.555,5279.915,0.2335
1769584800000,2026-01-28,07:20:00,5279.885,5283.065,5274.135,5278.705,0.2037
1769585100000,2026-01-28,07:25:00,5278.745,5283.975,5278.525,5280.945,0.183
1769585400000,2026-01-28,07:30:00,5280.965,5285.495,5278.425,5279.885,0.2299
1769585700000,2026-01-28,07:35:00,5279.915,5281.565,5271.755,5279.445,0.2436
1769586000000,2026-01-28,07:40:00,5279.585,5281.695,5277.575,5281.225,0.1914
1769586300000,2026-01-28,07:45:00,5281.125,5288.625,5277.715,5288.205,0.1508
1769586600000,2026-01-28,07:50:00,5288.285,5292.565,5284.138,5289.995,0.2469
1769586900000,2026-01-28,07:55:00,5289.995,5291.285,5288.245,5290.335,0.178
1769587200000,2026-01-28,08:00:00,5290.285,5296.425,5286.319,5295.955,0.2534
1769587500000,2026-01-28,08:05:00,5296.055,5299.675,5292.155,5294.575,0.2304
1769587800000,2026-01-28,08:10:00,5294.615,5296.985,5288.735,5292.975,0.2153
1769588100000,2026-01-28,08:15:00,5292.975,5294.225,5288.695,5291.405,0.2158
1769588400000,2026-01-28,08:20:00,5291.445,5294.455,5290.855,5292.505,0.1516
1769588700000,2026-01-28,08:25:00,5292.515,5300.885,5291.885,5299.265,0.2441
1769589000000,2026-01-28,08:30:00,5299.305,5311.245,5297.955,5304.985,0.2927
1769589300000,2026-01-28,08:35:00,5304.979,5306.695,5295.815,5296.765,0.2312
1769589600000,2026-01-28,08:40:00,5296.755,5299.165,5289.765,5289.795,0.3296
1769589900000,2026-01-28,08:45:00,5289.805,5289.825,5280.385,5284.155,0.304
1769590200000,2026-01-28,08:50:00,5284.145,5295.405,5283.125,5292.965,0.2361
1769590500000,2026-01-28,08:55:00,5293.005,5295.565,5290.405,5293.345,0.2174
1769590800000,2026-01-28,09:00:00,5293.375,5297.205,5291.405,5291.915,0.1587
1769591100000,2026-01-28,09:05:00,5291.965,5294.495,5287.645,5293.595,0.2087
1769591400000,2026-01-28,09:10:00,5293.675,5295.325,5279.935,5281.565,0.3694
1769591700000,2026-01-28,09:15:00,5281.595,5281.675,5271.145,5277.695,0.3269
1769592000000,2026-01-28,09:20:00,5277.685,5279.225,5268.305,5269.405,0.2346
1769592300000,2026-01-28,09:25:00,5269.415,5279.325,5269.205,5275.475,0.1854
1769592600000,2026-01-28,09:30:00,5275.098,5280.105,5269.245,5280.055,0.1792
1769592900000,2026-01-28,09:35:00,5280.095,5280.115,5274.535,5275.595,0.1824
1769593200000,2026-01-28,09:40:00,5275.685,5278.565,5262.915,5266.525,0.2192
1769593500000,2026-01-28,09:45:00,5266.515,5274.475,5266.515,5274.265,0.1421
1769593800000,2026-01-28,09:50:00,5274.265,5277.565,5274.025,5275.565,0.1623
1769594100000,2026-01-28,09:55:00,5275.455,5278.795,5274.835,5278.055,0.1366
1769594400000,2026-01-28,10:00:00,5278.095,5280.745,5275.038,5275.875,0.1669
1769594700000,2026-01-28,10:05:00,5275.875,5282.455,5272.335,5281.605,0.1908
1769595000000,2026-01-28,10:10:00,5281.625,5285.515,5280.075,5282.075,0.1499
1769595300000,2026-01-28,10:15:00,5282.065,5282.065,5276.615,5277.075,0.1167
1769595600000,2026-01-28,10:20:00,5277.095,5280.965,5276.715,5279.135,0.0997
1769595900000,2026-01-28,10:25:00,5279.225,5280.385,5275.805,5278.515,0.1373
1769596200000,2026-01-28,10:30:00,5278.405,5278.585,5273.025,5273.525,0.2252
1769596500000,2026-01-28,10:35:00,5273.545,5274.095,5269.245,5272.875,0.2091
1769596800000,2026-01-28,10:40:00,5272.975,5275.755,5270.705,5274.425,0.181
1769597100000,2026-01-28,10:45:00,5274.815,5277.475,5272.555,5275.885,0.1483
1769597400000,2026-01-28,10:50:00,5275.945,5280.605,5274.055,5280.035,0.151
1769597700000,2026-01-28,10:55:00,5280.055,5280.115,5269.799,5269.819,0.2112
1769598000000,2026-01-28,11:00:00,5269.855,5270.625,5243.325,5243.455,0.2459
1769598300000,2026-01-28,11:05:00,5243.495,5256.215,5238.345,5251.325,0.3179
1769598600000,2026-01-28,11:10:00,5251.385,5260.885,5250.605,5260.275,0.2073
1769598900000,2026-01-28,11:15:00,5259.495,5261.815,5252.865,5253.929,0.248
1769599200000,2026-01-28,11:20:00,5253.925,5256.695,5246.145,5255.875,0.3696
1769599500000,2026-01-28,11:25:00,5255.785,5261.445,5253.995,5259.035,0.239
1769599800000,2026-01-28,11:30:00,5259.035,5261.765,5253.105,5255.235,0.1976
1769600100000,2026-01-28,11:35:00,5255.235,5259.305,5251.875,5258.635,0.1732
1769600400000,2026-01-28,11:40:00,5258.635,5262.255,5258.635,5261.135,0.1701
1769600700000,2026-01-28,11:45:00,5261.145,5265.615,5260.505,5265.305,0.1487
1769601000000,2026-01-28,11:50:00,5265.345,5267.505,5259.945,5261.445,0.2018
1769601300000,2026-01-28,11:55:00,5261.305,5263.555,5259.475,5261.375,0.1868
1769601600000,2026-01-28,12:00:00,5261.385,5263.905,5254.895,5255.755,0.2508
1769601900000,2026-01-28,12:05:00,5255.755,5256.225,5251.515,5255.485,0.2731
1769602200000,2026-01-28,12:10:00,5255.535,5263.345,5254.365,5260.995,0.254
1769602500000,2026-01-28,12:15:00,5260.995,5264.535,5257.985,5261.305,0.2662
1769602800000,2026-01-28,12:20:00,5261.335,5268.635,5260.635,5267.295,0.2553
1769603100000,2026-01-28,12:25:00,5267.295,5268.115,5259.515,5261.095,0.2506
1769603400000,2026-01-28,12:30:00,5261.545,5265.105,5261.285,5264.265,0.1975
1769603700000,2026-01-28,12:35:00,5264.155,5270.175,5263.335,5269.905,0.1827
1769604000000,2026-01-28,12:40:00,5269.905,5272.935,5266.825,5269.415,0.2663
1769604300000,2026-01-28,12:45:00,5269.395,5271.645,5265.225,5267.615,0.1817
1769604600000,2026-01-28,12:50:00,5267.585,5276.025,5266.075,5274.425,0.2419
1769604900000,2026-01-28,12:55:00,5274.355,5279.115,5272.809,5279.025,0.2324
1769605200000,2026-01-28,13:00:00,5278.965,5289.235,5275.755,5287.865,0.3443
1769605500000,2026-01-28,13:05:00,5287.885,5287.899,5280.545,5280.545,0.408
1769605800000,2026-01-28,13:10:00,5280.505,5282.865,5268.665,5275.155,0.5457
1769606100000,2026-01-28,13:15:00,5275.035,5279.335,5273.315,5275.595,0.5794
1769606400000,2026-01-28,13:20:00,5275.625,5283.745,5273.085,5282.069,0.4013
1769606700000,2026-01-28,13:25:00,5282.045,5285.265,5278.375,5281.088,0.4531
1769607000000,2026-01-28,13:30:00,5280.805,5285.205,5274.095,5274.125,0.4478
1769607300000,2026-01-28,13:35:00,5273.995,5274.045,5262.625,5263.835,0.3536
1769607600000,2026-01-28,13:40:00,5263.835,5268.915,5259.045,5261.265,0.3389
1769607900000,2026-01-28,13:45:00,5261.335,5267.975,5256.635,5265.915,0.2713
1769608200000,2026-01-28,13:50:00,5265.895,5267.855,5261.438,5262.815,0.2304
1769608500000,2026-01-28,13:55:00,5262.825,5268.645,5261.035,5266.295,0.229
1769608800000,2026-01-28,14:00:00,5266.575,5270.085,5257.955,5260.555,0.2799
1769609100000,2026-01-28,14:05:00,5260.435,5261.075,5248.535,5258.555,0.2818
1769609400000,2026-01-28,14:10:00,5258.535,5264.275,5257.855,5262.265,0.2853
1769609700000,2026-01-28,14:15:00,5262.265,5265.765,5259.545,5265.765,0.2608
1769610000000,2026-01-28,14:20:00,5265.765,5270.625,5263.265,5265.905,0.2308
1769610300000,2026-01-28,14:25:00,5265.945,5269.695,5258.805,5258.835,0.2471
1769610600000,2026-01-28,14:30:00,5259.325,5264.445,5250.045,5262.805,0.385
1769610900000,2026-01-28,14:35:00,5262.915,5281.955,5262.265,5281.755,0.4215
1769611200000,2026-01-28,14:40:00,5281.975,5283.935,5272.985,5278.955,0.4046
1769611500000,2026-01-28,14:45:00,5279.125,5280.085,5273.535,5277.485,0.3668
1769611800000,2026-01-28,14:50:00,5277.405,5281.395,5269.915,5271.765,0.3468
1769612100000,2026-01-28,14:55:00,5271.915,5288.245,5270.285,5285.945,0.3442
1769612400000,2026-01-28,15:00:00,5285.459,5298.125,5285.459,5293.605,0.3449
1769612700000,2026-01-28,15:05:00,5293.565,5297.695,5235.238,5241.795,0.4619
1769613000000,2026-01-28,15:10:00,5241.755,5261.805,5241.755,5256.565,0.578
1769613300000,2026-01-28,15:15:00,5255.935,5267.648,5244.255,5255.548,0.6658
1769613600000,2026-01-28,15:20:00,5255.425,5274.298,5254.548,5269.065,0.5385
1769613900000,2026-01-28,15:25:00,5269.065,5270.445,5256.715,5269.045,0.494
1769614200000,2026-01-28,15:30:00,5269.015,5275.835,5265.898,5272.755,0.5596
1769614500000,2026-01-28,15:35:00,5272.755,5278.525,5269.185,5274.025,0.4254
1769614800000,2026-01-28,15:40:00,5274.065,5283.915,5273.745,5279.905,0.3737
1769615100000,2026-01-28,15:45:00,5279.905,5281.165,5272.575,5275.535,0.3907
1769615400000,2026-01-28,15:50:00,5275.495,5276.418,5266.815,5274.105,0.374
1769615700000,2026-01-28,15:55:00,5274.115,5280.998,5271.875,5278.085,0.3056
1769616000000,2026-01-28,16:00:00,5278.045,5282.255,5274.255,5281.115,0.3166
1769616300000,2026-01-28,16:05:00,5281.145,5288.785,5278.295,5283.375,0.3183
1769616600000,2026-01-28,16:10:00,5283.405,5288.375,5280.875,5284.025,0.3251
1769616900000,2026-01-28,16:15:00,5284.065,5292.845,5283.995,5287.325,0.3275
1769617200000,2026-01-28,16:20:00,5287.365,5290.095,5282.095,5285.915,0.3467
1769617500000,2026-01-28,16:25:00,5285.875,5288.725,5281.775,5287.225,0.3439
1769617800000,2026-01-28,16:30:00,5287.265,5289.025,5276.005,5277.455,0.2987
1769618100000,2026-01-28,16:35:00,5277.415,5286.775,5276.795,5282.905,0.321
1769618400000,2026-01-28,16:40:00,5282.915,5286.985,5280.248,5283.085,0.2844
1769618700000,2026-01-28,16:45:00,5282.935,5297.125,5281.565,5292.998,0.3212
1769619000000,2026-01-28,16:50:00,5292.998,5295.395,5286.958,5292.165,0.3053
1769619300000,2026-01-28,16:55:00,5292.185,5300.005,5290.975,5299.645,0.3054
1769619600000,2026-01-28,17:00:00,5299.585,5306.795,5299.585,5302.178,0.3301
1769619900000,2026-01-28,17:05:00,5302.158,5303.545,5292.298,5294.975,0.3087
1769620200000,2026-01-28,17:10:00,5295.025,5297.875,5293.925,5295.585,0.2193
1769620500000,2026-01-28,17:15:00,5295.328,5297.165,5288.685,5292.995,0.2618
1769620800000,2026-01-28,17:20:00,5293.005,5300.385,5290.205,5298.615,0.2432
1769621100000,2026-01-28,17:25:00,5298.665,5303.905,5297.458,5302.485,0.2579
1769621400000,2026-01-28,17:30:00,5302.535,5303.225,5293.085,5293.335,0.2746
1769621700000,2026-01-28,17:35:00,5293.365,5297.685,5282.935,5284.535,0.2804
1769622000000,2026-01-28,17:40:00,5284.625,5294.405,5284.625,5287.785,0.2994
1769622300000,2026-01-28,17:45:00,5287.795,5291.025,5284.415,5289.005,0.2652
1769622600000,2026-01-28,17:50:00,5289.035,5302.215,5289.035,5300.748,0.2421
1769622900000,2026-01-28,17:55:00,5300.785,5304.495,5296.825,5297.855,0.367
1769623200000,2026-01-28,18:00:00,5298.218,5300.095,5292.235,5293.955,0.2829
1769623500000,2026-01-28,18:05:00,5293.965,5304.935,5293.015,5304.495,0.286
1769623800000,2026-01-28,18:10:00,5304.515,5305.365,5294.745,5299.725,0.2935
1769624100000,2026-01-28,18:15:00,5299.795,5311.525,5298.645,5310.088,0.4151
1769624400000,2026-01-28,18:20:00,5310.165,5325.755,5310.038,5321.165,0.6832
1769624700000,2026-01-28,18:25:00,5321.125,5323.095,5302.905,5304.945,0.3657
1769625000000,2026-01-28,18:30:00,5306.463,5307.805,5275.655,5287.525,0.4766
1769625300000,2026-01-28,18:35:00,5287.475,5290.145,5268.245,5273.755,0.4324
1769625600000,2026-01-28,18:40:00,5273.795,5281.395,5269.845,5273.315,0.4148
1769625900000,2026-01-28,18:45:00,5273.405,5280.665,5271.195,5278.445,0.4217
1769626200000,2026-01-28,18:50:00,5278.475,5283.065,5273.485,5275.225,0.3722
1769626500000,2026-01-28,18:55:00,5275.185,5283.405,5273.415,5279.248,0.3029
1769626800000,2026-01-28,19:00:00,5279.258,5292.645,5269.165,5276.075,0.4865
1769627100000,2026-01-28,19:05:00,5276.135,5283.025,5270.455,5280.615,0.4703
1769627400000,2026-01-28,19:10:00,5280.615,5297.225,5278.128,5296.988,0.4638
1769627700000,2026-01-28,19:15:00,5296.988,5301.575,5292.455,5296.315,0.4051
1769628000000,2026-01-28,19:20:00,5296.315,5301.325,5288.935,5293.855,0.418
1769628300000,2026-01-28,19:25:00,5293.675,5295.495,5282.355,5283.065,0.3742
1769628600000,2026-01-28,19:30:00,5283.115,5292.715,5280.338,5292.185,0.4516
1769628900000,2026-01-28,19:35:00,5291.898,5305.955,5290.955,5300.598,0.4177
1769629200000,2026-01-28,19:40:00,5300.598,5311.985,5292.785,5310.615,0.395
1769629500000,2026-01-28,19:45:00,5310.635,5319.195,5304.205,5315.825,0.4319
1769629800000,2026-01-28,19:50:00,5315.795,5319.275,5310.265,5315.725,0.3797
1769630100000,2026-01-28,19:55:00,5315.695,5331.598,5314.405,5325.105,0.3783
1769630400000,2026-01-28,20:00:00,5324.889,5336.395,5324.825,5331.995,0.4134
1769630700000,2026-01-28,20:05:00,5331.895,5338.575,5324.515,5331.915,0.3421
1769631000000,2026-01-28,20:10:00,5331.955,5331.995,5322.415,5326.365,0.3316
1769631300000,2026-01-28,20:15:00,5326.305,5338.548,5320.955,5338.448,0.389
1769631600000,2026-01-28,20:20:00,5338.375,5342.048,5332.148,5337.905,0.4078
1769631900000,2026-01-28,20:25:00,5337.895,5355.625,5336.905,5354.395,0.3815
1769632200000,2026-01-28,20:30:00,5354.345,5363.675,5352.835,5359.195,0.4229
1769632500000,2026-01-28,20:35:00,5359.185,5377.805,5358.385,5376.125,0.4051
1769632800000,2026-01-28,20:40:00,5376.185,5391.175,5374.265,5383.265,0.3757
1769633100000,2026-01-28,20:45:00,5383.555,5391.195,5377.265,5388.385,0.4064
1769633400000,2026-01-28,20:50:00,5388.035,5390.875,5366.998,5369.275,0.4377
1769633700000,2026-01-28,20:55:00,5369.025,5383.305,5367.995,5376.435,0.4457
1769634000000,2026-01-28,21:00:00,5376.555,5390.455,5376.548,5387.165,0.2123
1769634300000,2026-01-28,21:05:00,5387.315,5395.755,5385.698,5391.975,0.2839
1769634600000,2026-01-28,21:10:00,5391.905,5394.615,5377.895,5386.545,0.2304
1769634900000,2026-01-28,21:15:00,5386.555,5390.335,5379.635,5385.845,0.216
1769635200000,2026-01-28,21:20:00,5385.688,5389.465,5383.025,5386.095,0.186
1769635500000,2026-01-28,21:25:00,5386.085,5389.945,5381.625,5384.155,0.2286
1769635800000,2026-01-28,21:30:00,5384.145,5389.585,5380.285,5385.735,0.2141
1769636100000,2026-01-28,21:35:00,5385.775,5387.545,5383.045,5383.625,0.1747
1769636400000,2026-01-28,21:40:00,5383.615,5386.335,5382.745,5386.325,0.13
1769636700000,2026-01-28,21:45:00,5385.905,5401.745,5382.755,5399.295,0.1824
1769637000000,2026-01-28,21:50:00,5398.975,5411.025,5391.005,5408.285,0.2137
1769637300000,2026-01-28,21:55:00,5408.275,5418.945,5407.415,5414.575,0.2386
1769641200000,2026-01-28,23:00:00,5417.098,5453.015,5417.098,5439.798,0.4602
1769641500000,2026-01-28,23:05:00,5439.798,5456.088,5430.715,5451.905,0.3783
1769641800000,2026-01-28,23:10:00,5451.675,5474.915,5448.045,5474.395,0.2519
1769642100000,2026-01-28,23:15:00,5474.445,5495.785,5473.065,5491.885,0.3823
1769642400000,2026-01-28,23:20:00,5491.855,5493.365,5471.765,5484.495,0.5118
1769642700000,2026-01-28,23:25:00,5484.495,5491.355,5480.135,5489.825,0.2983
1769643000000,2026-01-28,23:30:00,5489.875,5501.405,5488.985,5501.405,0.3138
1769643300000,2026-01-28,23:35:00,5501.555,5596.805,5499.825,5587.628,0.5106
1769643600000,2026-01-28,23:40:00,5587.925,5590.748,5524.085,5530.398,0.5343
1769643900000,2026-01-28,23:45:00,5530.095,5542.498,5493.448,5495.298,0.5799
1769644200000,2026-01-28,23:50:00,5495.298,5507.785,5486.065,5486.475,0.3084
1769644500000,2026-01-28,23:55:00,5486.495,5529.755,5483.298,5512.255,0.3907
1769644800000,2026-01-29,00:00:00,5512.795,5513.055,5452.305,5484.188,0.4921
1769645100000,2026-01-29,00:05:00,5484.245,5510.185,5477.495,5503.175,0.4484
1769645400000,2026-01-29,00:10:00,5503.165,5510.898,5487.785,5494.498,0.4351
1769645700000,2026-01-29,00:15:00,5494.498,5500.598,5479.185,5482.495,0.3237
1769646000000,2026-01-29,00:20:00,5482.725,5485.865,5462.865,5477.955,0.2298
1769646300000,2026-01-29,00:25:00,5477.955,5501.195,5477.605,5496.865,0.2179
1769646600000,2026-01-29,00:30:00,5496.935,5520.885,5493.825,5520.845,0.234
1769646900000,2026-01-29,00:35:00,5520.755,5526.685,5510.835,5518.275,0.2655
1769647200000,2026-01-29,00:40:00,5518.275,5522.925,5492.055,5508.545,0.2733
1769647500000,2026-01-29,00:45:00,5508.485,5520.065,5500.305,5502.675,0.2289
1769647800000,2026-01-29,00:50:00,5502.555,5522.915,5501.975,5517.955,0.2388
1769648100000,2026-01-29,00:55:00,5517.905,5522.595,5508.485,5519.898,0.2567
1769648400000,2026-01-29,01:00:00,5519.865,5526.085,5466.575,5467.985,0.554
1769648700000,2026-01-29,01:05:00,5468.005,5480.215,5444.348,5446.785,0.4455
1769649000000,2026-01-29,01:10:00,5446.515,5481.625,5445.798,5479.105,0.3875
1769649300000,2026-01-29,01:15:00,5479.235,5500.295,5479.175,5499.465,0.4413
1769649600000,2026-01-29,01:20:00,5499.465,5512.975,5486.475,5505.055,0.3829
1769649900000,2026-01-29,01:25:00,5505.105,5512.085,5501.045,5507.075,0.3177
1769650200000,2026-01-29,01:30:00,5506.805,5522.985,5506.805,5520.385,0.2862
1769650500000,2026-01-29,01:35:00,5521.315,5524.955,5514.675,5524.335,0.3393
1769650800000,2026-01-29,01:40:00,5523.995,5551.315,5523.885,5539.615,0.3938
1769651100000,2026-01-29,01:45:00,5539.675,5546.975,5526.755,5536.965,0.3499
1769651400000,2026-01-29,01:50:00,5537.265,5549.455,5534.035,5539.965,0.2839
1769651700000,2026-01-29,01:55:00,5539.845,5547.725,5526.195,5545.405,0.3427
1769652000000,2026-01-29,02:00:00,5545.355,5546.065,5503.845,5519.775,0.348
1769652300000,2026-01-29,02:05:00,5520.235,5527.035,5507.135,5516.045,0.3368
1769652600000,2026-01-29,02:10:00,5516.125,5536.145,5515.975,5521.655,0.302
1769652900000,2026-01-29,02:15:00,5521.425,5522.015,5510.625,5517.335,0.2664
1769653200000,2026-01-29,02:20:00,5517.335,5522.315,5509.745,5519.145,0.245
1769653500000,2026-01-29,02:25:00,5518.935,5525.375,5517.605,5525.305,0.1957
1769653800000,2026-01-29,02:30:00,5525.305,5541.495,5525.305,5532.655,0.2905
1769654100000,2026-01-29,02:35:00,5532.675,5549.845,5532.675,5535.998,0.4794
1769654400000,2026-01-29,02:40:00,5535.998,5538.598,5517.625,5525.375,0.4724
1769654700000,2026-01-29,02:45:00,5525.395,5540.315,5521.565,5539.585,0.2218
1769655000000,2026-01-29,02:50:00,5539.595,5543.235,5530.185,5532.298,0.3349
1769655300000,2026-01-29,02:55:00,5532.315,5539.795,5532.185,5535.565,0.2729
1769655600000,2026-01-29,03:00:00,5535.625,5548.605,5507.835,5514.615,0.3079
1769655900000,2026-01-29,03:05:00,5514.385,5525.565,5514.275,5523.755,0.3107
1769656200000,2026-01-29,03:10:00,5523.745,5540.375,5521.985,5538.395,0.2444
1769656500000,2026-01-29,03:15:00,5538.395,5540.325,5523.635,5528.285,0.2916
1769656800000,2026-01-29,03:20:00,5528.585,5532.285,5521.889,5531.695,0.2863
1769657100000,2026-01-29,03:25:00,5531.655,5535.435,5521.575,5521.915,0.2963
1769657400000,2026-01-29,03:30:00,5521.955,5534.415,5521.955,5534.335,0.2163
1769657700000,2026-01-29,03:35:00,5534.255,5537.825,5519.548,5521.965,0.3058
1769658000000,2026-01-29,03:40:00,5521.975,5529.405,5519.955,5528.015,0.2152
1769658300000,2026-01-29,03:45:00,5528.025,5539.365,5527.065,5538.065,0.196
1769658600000,2026-01-29,03:50:00,5537.995,5544.285,5532.365,5543.945,0.2117
1769658900000,2026-01-29,03:55:00,5543.905,5548.785,5543.405,5545.655,0.2378
1769659200000,2026-01-29,04:00:00,5545.635,5550.775,5536.115,5541.735,0.2347
1769659500000,2026-01-29,04:05:00,5541.735,5552.285,5541.305,5546.665,0.1755
1769659800000,2026-01-29,04:10:00,5546.665,5546.668,5533.898,5534.225,0.2069
1769660100000,2026-01-29,04:15:00,5534.195,5542.085,5532.975,5541.295,0.2099
1769660400000,2026-01-29,04:20:00,5541.265,5545.915,5538.638,5545.615,0.1705
1769660700000,2026-01-29,04:25:00,5545.615,5550.295,5545.465,5546.685,0.1171
1769661000000,2026-01-29,04:30:00,5546.715,5562.555,5544.735,5561.745,0.1812
1769661300000,2026-01-29,04:35:00,5561.745,5564.335,5560.225,5563.245,0.235
1769661600000,2026-01-29,04:40:00,5563.245,5563.335,5551.675,5557.175,0.2398
1769661900000,2026-01-29,04:45:00,5557.325,5560.025,5553.085,5558.945,0.2097
1769662200000,2026-01-29,04:50:00,5558.625,5558.855,5550.398,5556.365,0.2584
1769662500000,2026-01-29,04:55:00,5556.235,5561.445,5552.085,5557.855,0.1947
1769662800000,2026-01-29,05:00:00,5557.448,5559.105,5549.865,5558.815,0.1658
1769663100000,2026-01-29,05:05:00,5558.855,5561.075,5553.725,5558.635,0.1635
1769663400000,2026-01-29,05:10:00,5558.625,5560.395,5550.095,5559.495,0.1705
1769663700000,2026-01-29,05:15:00,5559.615,5560.345,5554.285,5554.285,0.1752
1769664000000,2026-01-29,05:20:00,5554.295,5554.295,5515.485,5520.465,0.389
1769664300000,2026-01-29,05:25:00,5520.505,5541.995,5520.495,5541.745,0.2616
1769664600000,2026-01-29,05:30:00,5541.795,5553.215,5540.575,5544.605,0.3179
1769664900000,2026-01-29,05:35:00,5544.625,5554.395,5544.005,5553.775,0.2949
1769665200000,2026-01-29,05:40:00,5553.775,5555.143,5543.235,5549.435,0.2718
1769665500000,2026-01-29,05:45:00,5549.435,5562.755,5548.275,5557.835,0.2483
1769665800000,2026-01-29,05:50:00,5557.705,5559.405,5552.055,5553.845,0.2273
1769666100000,2026-01-29,05:55:00,5553.955,5564.235,5551.975,5562.295,0.3103
1769666400000,2026-01-29,06:00:00,5562.475,5584.845,5562.145,5581.989,0.4442
1769666700000,2026-01-29,06:05:00,5582.545,5587.995,5581.348,5586.625,0.3497
1769667000000,2026-01-29,06:10:00,5586.625,5588.215,5578.565,5584.065,0.2957
1769667300000,2026-01-29,06:15:00,5584.045,5584.655,5573.945,5579.375,0.3237
1769667600000,2026-01-29,06:20:00,5579.365,5595.275,5579.365,5586.335,0.3006
1769667900000,2026-01-29,06:25:00,5586.385,5591.165,5580.985,5585.555,0.3801
1769668200000,2026-01-29,06:30:00,5585.475,5587.655,5577.545,5581.275,0.3502
1769668500000,2026-01-29,06:35:00,5581.225,5586.525,5577.615,5583.325,0.2929
1769668800000,2026-01-29,06:40:00,5583.325,5586.875,5581.385,5581.935,0.2573
1769669100000,2026-01-29,06:45:00,5581.975,5585.045,5559.475,5573.045,0.4014
1769669400000,2026-01-29,06:50:00,5573.065,5576.495,5566.165,5570.495,0.3381
1769669700000,2026-01-29,06:55:00,5570.445,5570.975,5554.515,5561.065,0.4101
1769670000000,2026-01-29,07:00:00,5561.025,5574.835,5560.748,5568.265,0.2747
1769670300000,2026-01-29,07:05:00,5568.289,5573.245,5564.315,5568.649,0.2687
1769670600000,2026-01-29,07:10:00,5568.789,5571.448,5560.315,5561.689,0.4995
1769670900000,2026-01-29,07:15:00,5561.729,5564.465,5553.525,5564.415,0.4582
1769671200000,2026-01-29,07:20:00,5564.329,5564.749,5549.949,5554.945,0.4213
1769671500000,2026-01-29,07:25:00,5554.905,5556.689,5536.575,5541.255,0.5364
1769671800000,2026-01-29,07:30:00,5541.735,5554.065,5541.645,5553.495,0.2774
1769672100000,2026-01-29,07:35:00,5553.515,5557.545,5543.015,5543.235,0.313
1769672400000,2026-01-29,07:40:00,5543.235,5553.145,5542.338,5548.955,0.243
1769672700000,2026-01-29,07:45:00,5548.905,5552.098,5545.355,5548.585,0.2168
1769673000000,2026-01-29,07:50:00,5549.125,5552.025,5546.385,5550.555,0.282
1769673300000,2026-01-29,07:55:00,5550.349,5551.475,5543.515,5548.755,0.242
1769673600000,2026-01-29,08:00:00,5548.725,5554.585,5531.498,5531.498,0.2903
1769673900000,2026-01-29,08:05:00,5531.859,5539.235,5522.878,5529.205,0.3439
1769674200000,2026-01-29,08:10:00,5529.275,5541.525,5527.695,5537.485,0.2963
1769674500000,2026-01-29,08:15:00,5537.489,5542.745,5523.135,5529.065,0.3093
1769674800000,2026-01-29,08:20:00,5529.745,5541.705,5528.255,5530.055,0.3059
1769675100000,2026-01-29,08:25:00,5529.779,5530.845,5523.858,5530.065,0.3592
1769675400000,2026-01-29,08:30:00,5530.065,5530.555,5517.065,5522.745,0.392
1769675700000,2026-01-29,08:35:00,5522.625,5528.245,5511.085,5511.445,0.4498
1769676000000,2026-01-29,08:40:00,5511.575,5517.325,5475.165,5482.685,0.3435
1769676300000,2026-01-29,08:45:00,5482.785,5506.785,5472.965,5505.985,0.3505
1769676600000,2026-01-29,08:50:00,5505.965,5516.035,5503.825,5513.565,0.2711
1769676900000,2026-01-29,08:55:00,5513.045,5517.175,5507.065,5509.645,0.2667
1769677200000,2026-01-29,09:00:00,5509.365,5512.465,5497.575,5501.925,0.2776
1769677500000,2026-01-29,09:05:00,5501.715,5515.375,5499.235,5510.415,0.2117
1769677800000,2026-01-29,09:10:00,5510.445,5511.995,5504.005,5507.165,0.1928
1769678100000,2026-01-29,09:15:00,5507.155,5507.375,5501.725,5505.755,0.2121
1769678400000,2026-01-29,09:20:00,5505.715,5514.205,5500.225,5513.765,0.2026
1769678700000,2026-01-29,09:25:00,5513.795,5518.655,5511.975,5516.285,0.1933
1769679000000,2026-01-29,09:30:00,5515.875,5522.185,5512.275,5520.445,0.1877
1769679300000,2026-01-29,09:35:00,5520.445,5523.165,5516.165,5522.755,0.1945
1769679600000,2026-01-29,09:40:00,5522.715,5529.605,5521.715,5524.465,0.1917
1769679900000,2026-01-29,09:45:00,5524.435,5527.498,5515.635,5521.745,0.2259
1769680200000,2026-01-29,09:50:00,5521.795,5521.795,5512.665,5514.155,0.2654
1769680500000,2026-01-29,09:55:00,5514.215,5515.875,5510.995,5513.715,0.2627
1769680800000,2026-01-29,10:00:00,5513.755,5513.995,5507.875,5509.575,0.223
1769681100000,2026-01-29,10:05:00,5509.525,5512.725,5501.625,5511.285,0.2205
1769681400000,2026-01-29,10:10:00,5511.305,5523.955,5509.885,5523.645,0.2316
1769681700000,2026-01-29,10:15:00,5523.655,5525.295,5513.37,5513.805,0.1957
1769682000000,2026-01-29,10:20:00,5513.825,5515.335,5505.565,5514.475,0.1923
1769682300000,2026-01-29,10:25:00,5514.435,5514.465,5510.245,5510.345,0.1546
1769682600000,2026-01-29,10:30:00,5509.308,5509.555,5497.095,5502.175,0.2479
1769682900000,2026-01-29,10:35:00,5502.095,5510.055,5498.895,5509.635,0.1704
1769683200000,2026-01-29,10:40:00,5509.665,5509.975,5506.795,5507.875,0.1301
1769683500000,2026-01-29,10:45:00,5508.365,5508.585,5501.975,5505.905,0.156
1769683800000,2026-01-29,10:50:00,5505.765,5508.775,5502.445,5504.105,0.1656
1769684100000,2026-01-29,10:55:00,5504.085,5504.675,5482.225,5483.275,0.2784
1769684400000,2026-01-29,11:00:00,5483.625,5488.385,5470.545,5478.015,0.3899
1769684700000,2026-01-29,11:05:00,5477.985,5495.325,5474.505,5494.415,0.4797
1769685000000,2026-01-29,11:10:00,5494.455,5506.625,5494.355,5506.575,0.2571
1769685300000,2026-01-29,11:15:00,5506.605,5513.045,5504.925,5506.945,0.2355
1769685600000,2026-01-29,11:20:00,5506.945,5514.805,5506.508,5511.925,0.1918
1769685900000,2026-01-29,11:25:00,5511.975,5516.445,5509.965,5515.685,0.1739
1769686200000,2026-01-29,11:30:00,5515.615,5519.205,5510.915,5515.765,0.2076
1769686500000,2026-01-29,11:35:00,5515.725,5519.355,5509.515,5509.745,0.1666
1769686800000,2026-01-29,11:40:00,5509.705,5515.805,5508.285,5514.265,0.1638
1769687100000,2026-01-29,11:45:00,5514.305,5528.695,5514.305,5524.505,0.2298
1769687400000,2026-01-29,11:50:00,5524.435,5528.545,5522.005,5526.695,0.2003
1769687700000,2026-01-29,11:55:00,5526.735,5528.475,5521.435,5522.445,0.216
1769688000000,2026-01-29,12:00:00,5522.425,5522.705,5518.305,5522.165,0.2568
1769688300000,2026-01-29,12:05:00,5522.195,5526.275,5521.345,5522.195,0.2228
1769688600000,2026-01-29,12:10:00,5522.208,5538.895,5521.135,5535.388,0.2381
1769688900000,2026-01-29,12:15:00,5535.408,5539.395,5531.515,5531.705,0.2291
1769689200000,2026-01-29,12:20:00,5531.795,5540.125,5528.178,5539.155,0.1954
1769689500000,2026-01-29,12:25:00,5539.175,5542.835,5537.485,5540.695,0.1951
1769689800000,2026-01-29,12:30:00,5540.705,5542.115,5537.148,5542.005,0.2365
1769690100000,2026-01-29,12:35:00,5542.038,5542.215,5529.048,5531.535,0.2194
1769690400000,2026-01-29,12:40:00,5531.565,5535.075,5525.985,5529.625,0.2325
1769690700000,2026-01-29,12:45:00,5529.825,5537.815,5527.045,5534.495,0.2261
1769691000000,2026-01-29,12:50:00,5534.465,5541.785,5533.585,5537.085,0.2317
1769691300000,2026-01-29,12:55:00,5535.995,5539.205,5529.749,5533.915,0.2619
1769691600000,2026-01-29,13:00:00,5533.955,5540.925,5527.845,5534.725,0.3816
1769691900000,2026-01-29,13:05:00,5534.575,5537.435,5529.265,5532.075,0.2875
1769692200000,2026-01-29,13:10:00,5532.045,5532.045,5513.435,5514.755,0.3547
1769692500000,2026-01-29,13:15:00,5514.795,5521.445,5510.935,5518.125,0.5026
1769692800000,2026-01-29,13:20:00,5517.738,5524.335,5507.965,5521.995,0.42
1769693100000,2026-01-29,13:25:00,5522.115,5525.665,5516.785,5519.485,0.2277
1769693400000,2026-01-29,13:30:00,5519.355,5519.625,5507.805,5509.635,0.3452
1769693700000,2026-01-29,13:35:00,5509.545,5517.635,5499.625,5517.605,0.3051
1769694000000,2026-01-29,13:40:00,5518.025,5530.615,5516.625,5525.585,0.3389
1769694300000,2026-01-29,13:45:00,5525.635,5526.215,5515.735,5516.855,0.3383
1769694600000,2026-01-29,13:50:00,5516.825,5523.425,5510.865,5518.945,0.3247
1769694900000,2026-01-29,13:55:00,5518.955,5520.078,5506.045,5510.155,0.3138
1769695200000,2026-01-29,14:00:00,5510.325,5519.655,5510.325,5514.645,0.3091
1769695500000,2026-01-29,14:05:00,5514.645,5538.358,5510.485,5536.585,0.3142
1769695800000,2026-01-29,14:10:00,5536.775,5539.115,5526.245,5528.685,0.3994
1769696100000,2026-01-29,14:15:00,5528.705,5531.925,5520.098,5523.135,0.357
1769696400000,2026-01-29,14:20:00,5523.265,5529.105,5516.725,5525.855,0.3291
1769696700000,2026-01-29,14:25:00,5525.895,5549.335,5524.745,5543.298,0.4083
1769697000000,2026-01-29,14:30:00,5543.205,5545.148,5519.845,5520.155,0.4793
1769697300000,2026-01-29,14:35:00,5520.415,5537.385,5501.229,5531.548,0.4806
1769697600000,2026-01-29,14:40:00,5531.535,5535.255,5511.929,5517.515,0.478
1769697900000,2026-01-29,14:45:00,5516.795,5522.345,5490.775,5515.565,0.4758
1769698200000,2026-01-29,14:50:00,5515.545,5517.585,5497.265,5505.045,0.5014
1769698500000,2026-01-29,14:55:00,5504.795,5516.648,5494.275,5496.045,0.5099
1769698800000,2026-01-29,15:00:00,5496.055,5496.055,5439.808,5457.655,0.5123
1769699100000,2026-01-29,15:05:00,5458.225,5471.825,5404.299,5414.998,0.7632
1769699400000,2026-01-29,15:10:00,5415.005,5428.355,5365.525,5383.415,0.4983
1769699700000,2026-01-29,15:15:00,5383.775,5385.648,5277.185,5329.298,0.5776
1769700000000,2026-01-29,15:20:00,5332.148,5366.895,5293.748,5294.135,0.4918
1769700300000,2026-01-29,15:25:00,5294.195,5310.135,5098.765,5188.798,0.3393
1769700600000,2026-01-29,15:30:00,5188.798,5257.015,5128.105,5162.575,0.4122
1769700900000,2026-01-29,15:35:00,5162.048,5232.415,5103.905,5202.495,0.5004
1769701200000,2026-01-29,15:40:00,5202.025,5204.035,5106.945,5120.715,0.4816
1769701500000,2026-01-29,15:45:00,5121.015,5184.075,5115.865,5165.155,0.3655
1769701800000,2026-01-29,15:50:00,5164.735,5210.385,5163.615,5195.175,0.2581
1769702100000,2026-01-29,15:55:00,5195.505,5196.775,5166.225,5181.848,0.2559
1769702400000,2026-01-29,16:00:00,5181.825,5233.855,5171.455,5230.235,0.2803
1769702700000,2026-01-29,16:05:00,5230.645,5257.905,5223.055,5247.585,0.2551
1769703000000,2026-01-29,16:10:00,5246.595,5276.198,5237.625,5272.835,0.3752
1769703300000,2026-01-29,16:15:00,5273.735,5274.755,5244.855,5263.685,0.2982
1769703600000,2026-01-29,16:20:00,5263.725,5270.225,5234.778,5269.935,0.4412
1769703900000,2026-01-29,16:25:00,5269.095,5296.415,5264.098,5289.325,0.4315
1769704200000,2026-01-29,16:30:00,5289.148,5310.815,5277.659,5281.348,0.4436
1769704500000,2026-01-29,16:35:00,5281.355,5284.715,5249.838,5250.005,0.5656
1769704800000,2026-01-29,16:40:00,5246.748,5280.475,5244.685,5271.945,0.5414
1769705100000,2026-01-29,16:45:00,5272.198,5277.195,5251.875,5272.745,0.5973
1769705400000,2026-01-29,16:50:00,5272.735,5274.265,5227.305,5252.345,0.4667
1769705700000,2026-01-29,16:55:00,5252.325,5263.765,5244.475,5263.765,0.4339
1769706000000,2026-01-29,17:00:00,5263.715,5297.698,5263.715,5287.105,0.4438
1769706300000,2026-01-29,17:05:00,5286.985,5298.465,5283.305,5291.675,0.404
1769706600000,2026-01-29,17:10:00,5290.965,5298.675,5279.085,5296.385,0.4089
1769706900000,2026-01-29,17:15:00,5296.295,5338.495,5294.435,5337.148,0.4854
1769707200000,2026-01-29,17:20:00,5337.148,5344.798,5324.285,5330.198,0.5141
1769707500000,2026-01-29,17:25:00,5330.549,5367.53,5329.665,5361.895,0.4666
1769707800000,2026-01-29,17:30:00,5361.925,5363.005,5335.365,5343.898,0.4335
1769708100000,2026-01-29,17:35:00,5343.765,5374.895,5343.765,5363.498,0.4514
1769708400000,2026-01-29,17:40:00,5363.198,5375.255,5356.715,5367.915,0.4026
1769708700000,2026-01-29,17:45:00,5367.925,5371.415,5345.755,5358.705,0.4318
1769709000000,2026-01-29,17:50:00,5358.815,5358.848,5329.025,5341.235,0.4725
1769709300000,2026-01-29,17:55:00,5341.335,5341.635,5314.325,5334.385,0.4698
1769709600000,2026-01-29,18:00:00,5334.475,5348.948,5333.305,5336.865,0.4276
1769709900000,2026-01-29,18:05:00,5336.855,5355.298,5329.875,5349.115,0.4201
1769710200000,2026-01-29,18:10:00,5349.145,5358.715,5338.275,5354.485,0.3856
1769710500000,2026-01-29,18:15:00,5354.635,5358.795,5348.085,5353.145,0.3453
1769710800000,2026-01-29,18:20:00,5353.175,5356.145,5319.865,5330.098,0.3463
1769711100000,2026-01-29,18:25:00,5329.895,5338.405,5306.825,5329.545,0.4507
1769711400000,2026-01-29,18:30:00,5329.635,5359.998,5321.485,5350.748,0.4408
1769711700000,2026-01-29,18:35:00,5350.299,5360.055,5341.998,5353.585,0.3887
1769712000000,2026-01-29,18:40:00,5353.545,5358.125,5334.915,5341.365,0.352
1769712300000,2026-01-29,18:45:00,5341.415,5359.705,5338.595,5358.198,0.3721
1769712600000,2026-01-29,18:50:00,5358.375,5361.525,5349.245,5350.785,0.389
1769712900000,2026-01-29,18:55:00,5350.825,5352.195,5335.995,5338.628,0.3983
1769713200000,2026-01-29,19:00:00,5338.628,5343.985,5320.525,5333.905,0.4355
1769713500000,2026-01-29,19:05:00,5333.905,5344.935,5324.955,5334.835,0.33
1769713800000,2026-01-29,19:10:00,5334.815,5336.225,5302.915,5306.275,0.3631
1769714100000,2026-01-29,19:15:00,5306.235,5332.165,5304.445,5318.565,0.3607
1769714400000,2026-01-29,19:20:00,5318.545,5323.438,5307.085,5314.058,0.3965
1769714700000,2026-01-29,19:25:00,5314.148,5323.925,5309.018,5318.105,0.3869
1769715000000,2026-01-29,19:30:00,5318.145,5318.985,5290.305,5293.215,0.4434
1769715300000,2026-01-29,19:35:00,5293.205,5324.635,5289.655,5311.825,0.4149
1769715600000,2026-01-29,19:40:00,5312.098,5327.098,5304.675,5316.485,0.4192
1769715900000,2026-01-29,19:45:00,5316.445,5325.098,5310.045,5315.665,0.355
1769716200000,2026-01-29,19:50:00,5315.815,5316.315,5298.415,5303.115,0.3456
1769716500000,2026-01-29,19:55:00,5303.085,5313.875,5302.168,5305.385,0.3389
1769716800000,2026-01-29,20:00:00,5305.395,5305.745,5282.335,5294.205,0.3321
1769717100000,2026-01-29,20:05:00,5294.245,5304.305,5291.525,5297.465,0.2851
1769717400000,2026-01-29,20:10:00,5297.295,5310.445,5293.475,5295.635,0.3143
1769717700000,2026-01-29,20:15:00,5295.645,5311.325,5289.445,5309.965,0.2948
1769718000000,2026-01-29,20:20:00,5309.995,5325.035,5305.515,5323.605,0.3079
1769718300000,2026-01-29,20:25:00,5323.555,5325.395,5312.395,5318.275,0.3569
1769718600000,2026-01-29,20:30:00,5318.435,5322.275,5309.465,5322.265,0.3189
1769718900000,2026-01-29,20:35:00,5322.245,5347.265,5318.015,5346.985,0.3142
1769719200000,2026-01-29,20:40:00,5347.015,5357.805,5343.545,5354.145,0.3601
1769719500000,2026-01-29,20:45:00,5354.105,5371.985,5353.135,5371.475,0.3862
1769719800000,2026-01-29,20:50:00,5371.445,5399.455,5371.335,5390.025,0.4643
1769720100000,2026-01-29,20:55:00,5390.025,5406.785,5387.865,5393.565,0.5728
1769720400000,2026-01-29,21:00:00,5393.595,5405.585,5392.645,5398.848,0.3893
1769720700000,2026-01-29,21:05:00,5398.648,5403.248,5382.448,5387.148,0.362
1769721000000,2026-01-29,21:10:00,5387.158,5398.458,5382.275,5397.988,0.2836
1769721300000,2026-01-29,21:15:00,5398.098,5399.298,5387.698,5394.538,0.325
1769721600000,2026-01-29,21:20:00,5394.548,5406.048,5392.249,5404.698,0.2255
1769721900000,2026-01-29,21:25:00,5404.698,5425.165,5403.598,5410.885,0.7598
1769722200000,2026-01-29,21:30:00,5410.885,5411.965,5401.415,5405.395,0.2683
1769722500000,2026-01-29,21:35:00,5405.515,5407.545,5395.455,5401.515,0.2155
1769722800000,2026-01-29,21:40:00,5401.515,5402.025,5377.425,5382.895,0.1908
1769723100000,2026-01-29,21:45:00,5382.895,5398.045,5378.505,5394.875,0.1961
1769723400000,2026-01-29,21:50:00,5394.885,5395.345,5379.025,5379.315,0.2082
1769723700000,2026-01-29,21:55:00,5379.465,5382.685,5370,5378.815,0.1593
1769727600000,2026-01-29,23:00:00,5384.575,5433.198,5376.098,5417.779,0.2429
1769727900000,2026-01-29,23:05:00,5419.048,5447.649,5416.639,5437.198,0.2868
1769728200000,2026-01-29,23:10:00,5437.198,5437.298,5421.298,5421.298,0.2014
1769728500000,2026-01-29,23:15:00,5421.265,5427.415,5386.798,5399.518,0.3156
1769728800000,2026-01-29,23:20:00,5399.518,5411.005,5394.305,5401.435,0.1913
1769729100000,2026-01-29,23:25:00,5401.495,5420.895,5399.985,5416.255,0.1484
1769729400000,2026-01-29,23:30:00,5416.255,5428.245,5406.355,5427.815,0.1432
1769729700000,2026-01-29,23:35:00,5427.795,5429.665,5419.965,5423.945,0.1105
1769730000000,2026-01-29,23:40:00,5424.025,5438.695,5421.615,5437.925,0.124
1769730300000,2026-01-29,23:45:00,5437.835,5443.505,5437.655,5442.555,0.1331
1769730600000,2026-01-29,23:50:00,5442.565,5447.555,5433.025,5437.905,0.1969
1769730900000,2026-01-29,23:55:00,5437.875,5441.445,5428.045,5437.995,0.1608
1769731200000,2026-01-30,00:00:00,5437.995,5442.065,5430.965,5435.015,0.1806
1769731500000,2026-01-30,00:05:00,5435.085,5450.455,5434.145,5446.745,0.184
1769731800000,2026-01-30,00:10:00,5446.755,5450.745,5441.885,5444.695,0.1603
1769732100000,2026-01-30,00:15:00,5444.695,5450.205,5438.225,5449.025,0.173
1769732400000,2026-01-30,00:20:00,5449.045,5450.475,5434.435,5437.265,0.1891
1769732700000,2026-01-30,00:25:00,5437.575,5441.345,5418.405,5426.255,0.2451
1769733000000,2026-01-30,00:30:00,5426.275,5429.585,5412.935,5428.835,0.2778
1769733300000,2026-01-30,00:35:00,5428.865,5436.105,5419.575,5421.635,0.2131
1769733600000,2026-01-30,00:40:00,5421.665,5425.475,5405.385,5410.985,0.2193
1769733900000,2026-01-30,00:45:00,5411.075,5415.185,5389.245,5400.905,0.2217
1769734200000,2026-01-30,00:50:00,5400.915,5419.285,5400.155,5418.495,0.2198
1769734500000,2026-01-30,00:55:00,5418.425,5420.735,5401.485,5406.815,0.1807
1769734800000,2026-01-30,01:00:00,5407.265,5409.275,5376.835,5389.698,0.4556
1769735100000,2026-01-30,01:05:00,5389.698,5392.498,5364.155,5365.449,0.6277
1769735400000,2026-01-30,01:10:00,5365.589,5376.898,5301.219,5308.598,0.7061
1769735700000,2026-01-30,01:15:00,5308.595,5335.355,5305.015,5331.798,0.5526
1769736000000,2026-01-30,01:20:00,5331.798,5349.675,5331.335,5344.615,0.4261
1769736300000,2026-01-30,01:25:00,5344.615,5363.155,5344.005,5356.885,0.3243
1769736600000,2026-01-30,01:30:00,5356.885,5372.145,5344.165,5371.995,0.3572
1769736900000,2026-01-30,01:35:00,5371.709,5372.465,5344.855,5354.775,0.3124
1769737200000,2026-01-30,01:40:00,5354.765,5365.315,5348.325,5348.875,0.253
1769737500000,2026-01-30,01:45:00,5348.845,5348.845,5317.225,5329.275,0.3857
1769737800000,2026-01-30,01:50:00,5329.305,5344.685,5327.975,5337.305,0.3728
1769738100000,2026-01-30,01:55:00,5337.148,5338.335,5290,5300.125,0.4422
1769738400000,2026-01-30,02:00:00,5300.098,5312.098,5278.198,5295.565,0.663
1769738700000,2026-01-30,02:05:00,5295.565,5306.298,5270.398,5272.898,0.6589
1769739000000,2026-01-30,02:10:00,5272.199,5275.078,5194.329,5211.498,0.7367
1769739300000,2026-01-30,02:15:00,5211.298,5213.698,5139.398,5145.698,0.6647
1769739600000,2026-01-30,02:20:00,5145.598,5180.055,5111.398,5161.298,0.6767
1769739900000,2026-01-30,02:25:00,5159.655,5191.125,5145.595,5171.005,0.4599
1769740200000,2026-01-30,02:30:00,5171.315,5184.255,5137.715,5160.325,0.4579
1769740500000,2026-01-30,02:35:00,5160.035,5221.055,5155.825,5210.065,0.4594
1769740800000,2026-01-30,02:40:00,5209.795,5230.17,5204.475,5215.505,0.485
1769741100000,2026-01-30,02:45:00,5215.635,5243.915,5215.545,5238.725,0.477
1769741400000,2026-01-30,02:50:00,5238.885,5245.615,5211.975,5217.069,0.3636
1769741700000,2026-01-30,02:55:00,5216.959,5231.165,5201.265,5223.885,0.3983
1769742000000,2026-01-30,03:00:00,5223.795,5228.645,5197.835,5206.815,0.4155
1769742300000,2026-01-30,03:05:00,5207.045,5207.055,5181.345,5203.845,0.3906
1769742600000,2026-01-30,03:10:00,5203.855,5207.315,5166.185,5179.895,0.4274
1769742900000,2026-01-30,03:15:00,5179.845,5196.785,5178.495,5189.865,0.2814
1769743200000,2026-01-30,03:20:00,5189.775,5196.525,5172.345,5195.805,0.3863
1769743500000,2026-01-30,03:25:00,5195.755,5205.825,5190.245,5198.825,0.4795
1769743800000,2026-01-30,03:30:00,5198.815,5221.465,5180.115,5180.935,0.3827
1769744100000,2026-01-30,03:35:00,5180.865,5189.275,5160.435,5170.785,0.2983
1769744400000,2026-01-30,03:40:00,5170.695,5174.435,5152.045,5154.305,0.3944
1769744700000,2026-01-30,03:45:00,5154.155,5174.325,5152.335,5166.135,0.3053
1769745000000,2026-01-30,03:50:00,5166.055,5181.165,5150.235,5181.165,0.3406
1769745300000,2026-01-30,03:55:00,5181.425,5199.185,5179.625,5195.415,0.3123
1769745600000,2026-01-30,04:00:00,5195.335,5219.335,5192.755,5209.685,0.3458
1769745900000,2026-01-30,04:05:00,5209.675,5222.905,5204.055,5207.935,0.3903
1769746200000,2026-01-30,04:10:00,5207.935,5225.065,5204.495,5214.055,0.2702
1769746500000,2026-01-30,04:15:00,5214.015,5229.955,5209.935,5224.295,0.2356
1769746800000,2026-01-30,04:20:00,5224.375,5229.995,5202.825,5205.135,0.2922
1769747100000,2026-01-30,04:25:00,5205.375,5212.295,5198.445,5209.665,0.294
1769747400000,2026-01-30,04:30:00,5209.685,5220.875,5205.545,5211.895,0.2154
1769747700000,2026-01-30,04:35:00,5212.205,5226.998,5207.975,5219.665,0.2234
1769748000000,2026-01-30,04:40:00,5219.735,5221.715,5201.975,5203.055,0.2101
1769748300000,2026-01-30,04:45:00,5203.035,5212.335,5200.819,5209.425,0.1843
1769748600000,2026-01-30,04:50:00,5209.005,5211.505,5199.455,5206.085,0.1807
1769748900000,2026-01-30,04:55:00,5206.195,5216.495,5203.535,5214.545,0.1849
1769749200000,2026-01-30,05:00:00,5213.513,5216.675,5206.865,5211.875,0.2025
1769749500000,2026-01-30,05:05:00,5211.295,5211.435,5203.295,5204.075,0.1831
1769749800000,2026-01-30,05:10:00,5204.085,5224.505,5203.285,5224.345,0.1815
1769750100000,2026-01-30,05:15:00,5224.355,5240.035,5222.975,5232.365,0.2831
1769750400000,2026-01-30,05:20:00,5232.335,5240.865,5229.435,5231.075,0.2184
1769750700000,2026-01-30,05:25:00,5231.085,5238.975,5226.675,5229.585,0.2112
1769751000000,2026-01-30,05:30:00,5229.615,5233.655,5212.335,5216.455,0.3044
1769751300000,2026-01-30,05:35:00,5216.455,5239.375,5215.015,5229.525,0.3508
1769751600000,2026-01-30,05:40:00,5229.525,5235.295,5224.445,5231.805,0.242
1769751900000,2026-01-30,05:45:00,5231.065,5235.285,5217.375,5218.185,0.2343
1769752200000,2026-01-30,05:50:00,5218.295,5219.045,5211.585,5215.475,0.3115
1769752500000,2026-01-30,05:55:00,5215.495,5215.835,5179.185,5184.035,0.3341
1769752800000,2026-01-30,06:00:00,5184.115,5203.485,5179.545,5202.515,0.2698
1769753100000,2026-01-30,06:05:00,5202.515,5202.525,5173.688,5192.615,0.2692
1769753400000,2026-01-30,06:10:00,5192.605,5204.835,5184.235,5190.295,0.2633
1769753700000,2026-01-30,06:15:00,5190.435,5190.865,5160.225,5172.355,0.3532
1769754000000,2026-01-30,06:20:00,5172.355,5194.735,5171.195,5192.735,0.307
1769754300000,2026-01-30,06:25:00,5192.955,5197.375,5155.085,5156.485,0.5827
1769754600000,2026-01-30,06:30:00,5156.885,5168.935,5151.485,5159.125,0.3465
1769754900000,2026-01-30,06:35:00,5159.115,5178.975,5152.455,5173.345,0.3881
1769755200000,2026-01-30,06:40:00,5173.275,5173.379,5154.045,5157.275,0.3749
1769755500000,2026-01-30,06:45:00,5157.585,5171.825,5149.955,5166.555,0.3766
1769755800000,2026-01-30,06:50:00,5166.415,5168.515,5149.485,5156.095,0.3212
1769756100000,2026-01-30,06:55:00,5156.125,5160.235,5145.095,5155.385,0.391
1769756400000,2026-01-30,07:00:00,5155.365,5157.875,5122.835,5145.585,0.3768
1769756700000,2026-01-30,07:05:00,5145.585,5173.685,5135.085,5165.215,0.4329
1769757000000,2026-01-30,07:10:00,5165.825,5185.665,5165.825,5173.035,0.4277
1769757300000,2026-01-30,07:15:00,5173.055,5181.095,5164.235,5175.998,0.3824
1769757600000,2026-01-30,07:20:00,5176.005,5185.125,5173.155,5178.305,0.2586
1769757900000,2026-01-30,07:25:00,5178.345,5181.165,5172.295,5174.175,0.2282
1769758200000,2026-01-30,07:30:00,5174.205,5178.105,5150.275,5150.849,0.2969
1769758500000,2026-01-30,07:35:00,5151.275,5151.275,5117.205,5148.395,0.3982
1769758800000,2026-01-30,07:40:00,5148.435,5156.045,5136.335,5146.295,0.4104
1769759100000,2026-01-30,07:45:00,5146.415,5160.848,5142.615,5150.189,0.5436
1769759400000,2026-01-30,07:50:00,5150.229,5163.988,5143.259,5157.955,0.4923
1769759700000,2026-01-30,07:55:00,5157.935,5184.348,5156.678,5180.805,0.5712
1769760000000,2026-01-30,08:00:00,5180.805,5180.805,5158.805,5170.755,0.6291
1769760300000,2026-01-30,08:05:00,5170.935,5173.898,5142.035,5146.735,0.4417
1769760600000,2026-01-30,08:10:00,5146.735,5161.245,5140.455,5145.165,0.3672
1769760900000,2026-01-30,08:15:00,5145.245,5159.975,5132.515,5157.405,0.4958
1769761200000,2026-01-30,08:20:00,5157.455,5170.095,5148.495,5165.185,0.4703
1769761500000,2026-01-30,08:25:00,5165.185,5169.505,5150.665,5151.755,0.4945
1769761800000,2026-01-30,08:30:00,5151.615,5154.075,5063.495,5077.525,0.4184
1769762100000,2026-01-30,08:35:00,5077.455,5097.375,5051.785,5091.795,0.3728
1769762400000,2026-01-30,08:40:00,5091.175,5105.525,5075.025,5095.715,0.3651
1769762700000,2026-01-30,08:45:00,5095.755,5126.755,5090.655,5125.085,0.3244
1769763000000,2026-01-30,08:50:00,5125.065,5128.255,5107.648,5109.348,0.3867
1769763300000,2026-01-30,08:55:00,5109.495,5119.025,5103.298,5116.455,0.6102
1769763600000,2026-01-30,09:00:00,5116.535,5132.275,5109.548,5114.045,0.624
1769763900000,2026-01-30,09:05:00,5114.365,5116.455,5057.205,5059.235,0.7963
1769764200000,2026-01-30,09:10:00,5059.205,5069.058,5013.655,5027.195,0.9034
1769764500000,2026-01-30,09:15:00,5027.415,5068.908,5021.765,5067.345,0.6265
1769764800000,2026-01-30,09:20:00,5067.275,5067.908,5037.715,5043.145,0.4272
1769765100000,2026-01-30,09:25:00,5043.135,5048.865,5019.798,5027.425,0.4359
1769765400000,2026-01-30,09:30:00,5027.215,5068.215,5024.905,5057.295,0.4148
1769765700000,2026-01-30,09:35:00,5057.315,5064.098,5029.408,5030.475,0.8288
1769766000000,2026-01-30,09:40:00,5030.785,5036.008,4974.808,4974.988,1.1648
1769766300000,2026-01-30,09:45:00,4974.878,4998.338,4947.605,4981.198,0.597
1769766600000,2026-01-30,09:50:00,4980.598,4997.805,4940.895,4987.085,0.4877
1769766900000,2026-01-30,09:55:00,4987.115,5029.095,4983.355,5012.365,0.47
1769767200000,2026-01-30,10:00:00,5012.345,5051.648,5009.195,5035.948,0.5806
1769767500000,2026-01-30,10:05:00,5036.158,5036.158,4999.378,5017.898,0.6718
1769767800000,2026-01-30,10:10:00,5017.898,5042.545,5017.398,5037.798,0.4817
1769768100000,2026-01-30,10:15:00,5038.028,5058.455,5030.618,5058.105,0.3984
1769768400000,2026-01-30,10:20:00,5057.905,5069.845,5047.135,5064.295,0.3158
1769768700000,2026-01-30,10:25:00,5063.775,5075.678,5050.885,5059.285,0.3542
1769769000000,2026-01-30,10:30:00,5058.978,5073.865,5054.165,5064.365,0.5257
1769769300000,2026-01-30,10:35:00,5064.485,5083.858,5062.505,5079.775,0.5958
1769769600000,2026-01-30,10:40:00,5079.465,5092.533,5070.465,5077.025,0.3626
1769769900000,2026-01-30,10:45:00,5077.455,5093.935,5075.705,5083.758,0.3934
1769770200000,2026-01-30,10:50:00,5083.818,5101.858,5079.675,5091.125,0.4074
1769770500000,2026-01-30,10:55:00,5091.105,5121.348,5083.025,5118.765,0.5065
1769770800000,2026-01-30,11:00:00,5118.285,5119.675,5089.078,5092.898,0.5832
1769771100000,2026-01-30,11:05:00,5092.825,5115.548,5092.825,5111.375,0.4443
1769771400000,2026-01-30,11:10:00,5111.345,5126.385,5111.345,5120.115,0.297
1769771700000,2026-01-30,11:15:00,5120.125,5127.435,5109.435,5120.765,0.2631
1769772000000,2026-01-30,11:20:00,5120.785,5129.715,5119.195,5125.225,0.2472
1769772300000,2026-01-30,11:25:00,5125.215,5126.985,5104.948,5124.425,0.2622
1769772600000,2026-01-30,11:30:00,5124.385,5130.175,5120.135,5126.575,0.238
1769772900000,2026-01-30,11:35:00,5127.295,5130.475,5123.815,5127.395,0.2532
1769773200000,2026-01-30,11:40:00,5127.405,5137.475,5117.745,5120.635,0.2127
1769773500000,2026-01-30,11:45:00,5120.655,5121.135,5087.215,5096.305,0.4944
1769773800000,2026-01-30,11:50:00,5096.295,5119.648,5092.498,5117.698,0.4993
1769774100000,2026-01-30,11:55:00,5117.698,5144.288,5117.298,5135.285,0.9518
1769774400000,2026-01-30,12:00:00,5135.285,5145.445,5125.645,5130.235,0.4763
1769774700000,2026-01-30,12:05:00,5130.265,5133.985,5120.765,5129.095,0.3141
1769775000000,2026-01-30,12:10:00,5128.945,5136.275,5125.085,5128.485,0.3363
1769775300000,2026-01-30,12:15:00,5128.585,5139.618,5114.425,5119.105,0.5018
1769775600000,2026-01-30,12:20:00,5119.105,5134.505,5115.735,5125.115,0.4692
1769775900000,2026-01-30,12:25:00,5125.045,5129.348,5109.245,5118.945,0.4017
1769776200000,2026-01-30,12:30:00,5118.955,5135.678,5117.338,5118.548,0.4417
1769776500000,2026-01-30,12:35:00,5118.618,5120.888,5102.138,5108.798,0.6045
1769776800000,2026-01-30,12:40:00,5108.898,5116.825,5108.108,5113.515,0.3495
1769777100000,2026-01-30,12:45:00,5113.515,5115.665,5055.025,5065.098,0.5987
1769777400000,2026-01-30,12:50:00,5065.098,5095.985,5063.135,5088.295,0.5665
1769777700000,2026-01-30,12:55:00,5088.545,5094.318,5054.185,5063.545,0.5276
1769778000000,2026-01-30,13:00:00,5063.545,5099.255,5052.918,5097.505,0.6626
1769778300000,2026-01-30,13:05:00,5097.485,5097.505,5069.245,5081.375,0.489
1769778600000,2026-01-30,13:10:00,5081.428,5093.078,5072.675,5075.798,0.5877
1769778900000,2026-01-30,13:15:00,5074.525,5076.225,5050.775,5074.065,0.5499
1769779200000,2026-01-30,13:20:00,5074.455,5074.455,5018.935,5024.858,0.4647
1769779500000,2026-01-30,13:25:00,5024.335,5037.998,5012.945,5024.908,0.4925
1769779800000,2026-01-30,13:30:00,5022.788,5036.098,5009.998,5032.335,0.4363
1769780100000,2026-01-30,13:35:00,5032.385,5047.398,5025.165,5035.435,0.577
1769780400000,2026-01-30,13:40:00,5035.455,5047.295,5027.935,5037.448,0.3539
1769780700000,2026-01-30,13:45:00,5036.595,5037.148,4993.298,4993.745,0.553
1769781000000,2026-01-30,13:50:00,4993.745,5010.495,4990.875,5005.898,0.8246
1769781300000,2026-01-30,13:55:00,5005.898,5021.695,5000.375,5018.965,0.9448
1769781600000,2026-01-30,14:00:00,5018.805,5065.015,5016.705,5057.885,0.4587
1769781900000,2026-01-30,14:05:00,5057.885,5072.715,5042.565,5058.825,0.633
1769782200000,2026-01-30,14:10:00,5058.998,5059.515,5040.735,5051.875,0.5071
1769782500000,2026-01-30,14:15:00,5051.865,5059.935,5040.285,5053.735,0.2898
1769782800000,2026-01-30,14:20:00,5053.715,5087.175,5047.855,5069.725,0.3543
1769783100000,2026-01-30,14:25:00,5069.725,5077.285,5061.645,5071.535,0.3593
1769783400000,2026-01-30,14:30:00,5071.535,5112.258,5055.755,5107.375,0.8699
1769783700000,2026-01-30,14:35:00,5107.535,5110.395,5076.878,5093.995,0.9538
1769784000000,2026-01-30,14:40:00,5094.215,5094.275,5066.188,5079.985,0.9407
1769784300000,2026-01-30,14:45:00,5079.998,5090.175,5069.855,5088.395,1.0603
1769784600000,2026-01-30,14:50:00,5088.348,5097.098,5043.388,5048.005,1.0408
1769784900000,2026-01-30,14:55:00,5048.298,5053.835,5013.825,5031.825,0.5824
1769785200000,2026-01-30,15:00:00,5031.698,5034.045,4980.485,4984.975,0.47
1769785500000,2026-01-30,15:05:00,4984.625,5013.725,4979.725,4999.445,0.4649
1769785800000,2026-01-30,15:10:00,4999.725,5045.565,4996.175,5026.845,0.3631
1769786100000,2026-01-30,15:15:00,5026.925,5059.565,5026.185,5048.905,0.3803
1769786400000,2026-01-30,15:20:00,5049.195,5057.185,5037.175,5039.515,0.5493
1769786700000,2026-01-30,15:25:00,5039.515,5051.398,5029.788,5044.608,1.295
1769787000000,2026-01-30,15:30:00,5044.628,5055.078,5039.235,5045.575,0.579
1769787300000,2026-01-30,15:35:00,5045.505,5068.495,5045.415,5056.725,0.4799
1769787600000,2026-01-30,15:40:00,5056.685,5072.845,5055.495,5058.098,0.5627
1769787900000,2026-01-30,15:45:00,5058.098,5065.548,5049.048,5061.868,0.5929
1769788200000,2026-01-30,15:50:00,5061.908,5073.408,5037.848,5040.925,0.4927
1769788500000,2026-01-30,15:55:00,5040.805,5056.815,5039.808,5050.045,0.6191
1769788800000,2026-01-30,16:00:00,5050.035,5051.528,5021.985,5022.865,0.5834
1769789100000,2026-01-30,16:05:00,5022.825,5036.565,5021.535,5032.425,0.4365
1769789400000,2026-01-30,16:10:00,5032.525,5035.365,5016.095,5029.798,0.4716
1769789700000,2026-01-30,16:15:00,5029.815,5034.595,5004.395,5010.625,0.8433
1769790000000,2026-01-30,16:20:00,5010.625,5017.955,4989.398,4991.845,0.5427
1769790300000,2026-01-30,16:25:00,4991.835,5011.445,4986.965,4995.225,0.5611
1769790600000,2026-01-30,16:30:00,4995.175,5016.565,4983.215,4986.205,0.3841
1769790900000,2026-01-30,16:35:00,4986.725,4986.855,4959.485,4972.245,0.4056
1769791200000,2026-01-30,16:40:00,4972.285,5015.098,4971.515,5009.585,0.4719
1769791500000,2026-01-30,16:45:00,5009.498,5013.965,4969.518,4980.955,0.508
1769791800000,2026-01-30,16:50:00,4981.035,4982.225,4943.195,4977.755,0.4756
1769792100000,2026-01-30,16:55:00,4977.725,4986.535,4969.695,4984.465,0.4248
1769792400000,2026-01-30,17:00:00,4984.515,4985.515,4967.311,4973.945,0.4202
1769792700000,2026-01-30,17:05:00,4973.935,4975.875,4925.915,4930.255,0.5648
1769793000000,2026-01-30,17:10:00,4930.985,4947.548,4899.565,4914.475,0.5948
1769793300000,2026-01-30,17:15:00,4914.645,4937.365,4897.229,4903.598,0.5797
1769793600000,2026-01-30,17:20:00,4903.598,4932.965,4898.535,4921.298,0.5644
1769793900000,2026-01-30,17:25:00,4921.298,4939.898,4914.098,4925.198,0.806
1769794200000,2026-01-30,17:30:00,4925.198,4925.198,4891.595,4913.025,0.684
1769794500000,2026-01-30,17:35:00,4913.375,4914.298,4885.635,4888.498,0.7155
1769794800000,2026-01-30,17:40:00,4888.498,4899.298,4834.866,4857.705,0.6307
1769795100000,2026-01-30,17:45:00,4858.408,4877.898,4852.168,4855.948,0.7881
1769795400000,2026-01-30,17:50:00,4856.548,4862.198,4802.025,4811.628,0.9684
1769795700000,2026-01-30,17:55:00,4812.448,4849.198,4799.458,4848.898,0.6307
1769796000000,2026-01-30,18:00:00,4848.798,4883.983,4847.098,4882.098,0.6276
1769796300000,2026-01-30,18:05:00,4882.408,4889.158,4806.185,4810.578,0.6995
1769796600000,2026-01-30,18:10:00,4810.698,4827.098,4786.295,4806.848,0.626
1769796900000,2026-01-30,18:15:00,4806.848,4816.848,4747.838,4755.945,0.7317
1769797200000,2026-01-30,18:20:00,4756.085,4772.235,4702.765,4716.565,0.6961
1769797500000,2026-01-30,18:25:00,4716.765,4755.448,4692.758,4741.398,0.8676
1769797800000,2026-01-30,18:30:00,4741.398,4771.998,4722.405,4751.098,0.4924
1769798100000,2026-01-30,18:35:00,4749.998,4761.848,4679.725,4695.265,0.4038
1769798400000,2026-01-30,18:40:00,4694.975,4783.78,4692.485,4778.148,0.3878
1769798700000,2026-01-30,18:45:00,4777.448,4832.441,4771.355,4828.395,0.3894
1769799000000,2026-01-30,18:50:00,4828.055,4864.235,4817.435,4860.195,0.4712
1769799300000,2026-01-30,18:55:00,4860.195,4892.365,4852.605,4877.498,0.4541
1769799600000,2026-01-30,19:00:00,4877.798,4910.398,4871.898,4897.345,0.222
1769799900000,2026-01-30,19:05:00,4897.345,4910.648,4880.025,4908.848,0.4706
1769800200000,2026-01-30,19:10:00,4908.848,4917.698,4870.348,4888.848,0.6386
1769800500000,2026-01-30,19:15:00,4888.848,4894.315,4869.255,4877.305,0.4574
1769800800000,2026-01-30,19:20:00,4877.035,4892.125,4841.805,4867.505,0.3887
1769801100000,2026-01-30,19:25:00,4867.735,4899.395,4863.925,4891.648,0.3939
1769801400000,2026-01-30,19:30:00,4892.075,4914.015,4879.748,4905.145,0.36
1769801700000,2026-01-30,19:35:00,4905.135,4925.015,4890.665,4910.555,0.3561
1769802000000,2026-01-30,19:40:00,4910.698,4928.998,4896.405,4925.805,0.3671
1769802300000,2026-01-30,19:45:00,4925.805,4933.355,4907.255,4915.605,0.4376
1769802600000,2026-01-30,19:50:00,4915.635,4940.815,4915.415,4930.995,0.3615
1769802900000,2026-01-30,19:55:00,4928.685,4947.475,4927.265,4931.925,0.333
1769803200000,2026-01-30,20:00:00,4931.975,4932.245,4880.765,4908.265,0.4959
1769803500000,2026-01-30,20:05:00,4907.785,4920.165,4882.185,4899.725,0.4248
1769803800000,2026-01-30,20:10:00,4899.385,4900.615,4877.595,4898.585,0.3691
1769804100000,2026-01-30,20:15:00,4898.579,4901.875,4879.655,4900.815,0.4595
1769804400000,2026-01-30,20:20:00,4900.735,4908.245,4892.205,4896.165,0.4126
1769804700000,2026-01-30,20:25:00,4895.985,4913.548,4883.819,4890.109,0.5493
1769805000000,2026-01-30,20:30:00,4889.679,4893.519,4852.398,4880.898,0.531
1769805300000,2026-01-30,20:35:00,4880.898,4884.355,4842.498,4860.798,0.6669
1769805600000,2026-01-30,20:40:00,4860.798,4873.535,4844.455,4861.105,0.477
1769805900000,2026-01-30,20:45:00,4861.065,4878.975,4850.625,4862.775,0.3787
1769806200000,2026-01-30,20:50:00,4862.785,4868.105,4834.775,4837.249,0.3755
1769806500000,2026-01-30,20:55:00,4837.489,4854.418,4806.428,4846.808,0.6463
1769806800000,2026-01-30,21:00:00,4846.298,4862.978,4833.689,4858.725,0.5854
1769807100000,2026-01-30,21:05:00,4858.685,4860.395,4830.875,4843.945,0.2332
1769807400000,2026-01-30,21:10:00,4843.945,4848.005,4834.695,4839.625,0.1962
1769807700000,2026-01-30,21:15:00,4839.845,4859.535,4836.275,4857.655,0.2668
1769808000000,2026-01-30,21:20:00,4858.245,4886.415,4858.095,4882.435,0.2311
1769808300000,2026-01-30,21:25:00,4882.425,4889.408,4861.105,4873.855,0.2197
1769808600000,2026-01-30,21:30:00,4873.775,4881.075,4867.125,4875.585,0.303
1769808900000,2026-01-30,21:35:00,4875.625,4876.415,4849.675,4854.205,0.2662
1769809200000,2026-01-30,21:40:00,4854.205,4860.545,4849.725,4860.485,0.268
1769809500000,2026-01-30,21:45:00,4860.505,4869.305,4855.508,4864.455,0.2656
1769809800000,2026-01-30,21:50:00,4864.545,4891.875,4862.375,4882.135,0.4471
1769810100000,2026-01-30,21:55:00,4882.165,4895.615,4877.088,4895.118,0.2091
